Galois Field : GF(31)
Number of variables (n) : 20
Number of polynomials (m) : 40
Seed : 3
Order : graded reverse lex order

*********************
26 26 20 23 1 12 10 29 15 21 4 13 22 19 13 8 25 20 0 31 18 23 28 24 17 28 21 25 25 8 19 0 6 3 21 12 30 11 21 10 20 17 4 6 6 14 22 21 17 17 31 22 18 0 22 0 4 1 12 11 18 27 15 22 16 15 19 12 26 15 25 7 6 26 19 2 7 1 19 15 2 23 14 1 2 22 4 30 25 4 14 4 2 1 16 2 29 4 7 13 26 22 31 11 6 5 31 22 11 10 24 19 24 0 12 9 10 30 8 6 13 27 8 13 9 17 30 14 27 2 20 27 4 4 18 30 10 15 26 9 18 17 26 8 29 20 20 18 24 11 6 11 0 20 21 13 11 23 12 20 16 11 7 8 3 8 8 26 10 1 17 23 3 0 10 10 28 25 1 16 27 22 10 26 18 30 11 6 6 20 11 0 14 18 1 24 8 0 25 19 1 29 24 28 5 5 16 18 7 26 4 24 3 30 14 28 24 10 25 0 26 20 31 24 9 2 3 24 25 4 8 ;
8 30 3 31 10 30 14 20 14 10 17 8 6 22 16 25 21 12 31 5 19 22 12 3 25 10 3 12 3 17 2 15 20 10 18 14 4 26 18 19 12 5 14 28 30 20 22 12 6 19 11 13 26 15 7 31 6 1 22 25 10 6 18 6 19 16 20 17 25 22 16 5 18 0 11 20 5 3 21 12 5 0 8 1 12 25 6 10 10 26 23 10 3 20 3 3 14 26 6 31 0 1 24 19 28 15 5 14 29 14 12 25 27 30 16 18 18 8 19 14 24 26 25 21 2 21 30 24 10 10 10 7 25 29 6 13 0 14 17 24 30 10 21 6 31 12 9 19 5 25 6 24 15 6 17 3 22 30 2 29 4 15 15 4 17 5 28 20 16 20 29 3 13 2 16 14 31 28 7 17 7 8 23 29 11 24 12 8 29 23 17 6 11 1 9 5 4 22 1 31 29 29 22 13 16 7 20 4 16 19 28 13 28 11 4 24 31 17 0 22 13 9 5 1 8 17 22 6 9 9 20 ;
8 12 23 14 21 12 29 28 9 8 31 7 30 9 13 26 12 15 13 11 20 15 16 25 23 24 15 29 1 24 20 12 9 16 21 6 19 18 17 4 13 31 16 30 19 23 15 22 22 4 9 8 15 0 21 8 21 4 3 29 2 25 27 31 17 30 4 4 18 30 15 21 6 22 18 31 12 18 0 27 28 25 6 21 3 23 23 25 16 7 23 22 31 28 28 2 12 6 23 16 0 24 22 18 24 18 7 27 20 31 12 24 19 8 4 0 9 30 23 4 1 28 23 27 5 20 14 23 9 22 15 12 13 14 11 17 14 7 0 8 14 20 3 15 21 24 21 22 6 18 27 12 1 6 24 6 1 24 12 4 20 28 25 0 17 1 15 4 23 16 30 8 11 14 20 12 28 9 10 20 18 0 16 28 8 3 25 27 14 27 14 23 1 21 12 18 8 31 4 18 20 9 27 8 27 15 24 25 26 20 4 6 30 24 21 13 14 23 13 1 27 18 10 5 19 9 12 16 5 22 29 ;
3 13 25 20 22 24 3 0 27 27 30 26 21 31 2 12 6 15 28 3 22 3 7 27 4 28 10 20 11 1 22 29 9 10 20 17 0 20 27 16 21 16 3 19 21 30 15 29 19 4 10 13 31 5 26 28 9 15 0 2 2 30 20 28 10 4 31 2 29 25 22 28 15 26 7 13 30 27 31 15 19 15 2 18 31 21 6 31 17 24 16 11 20 29 11 16 3 7 25 3 27 6 16 10 4 1 4 14 27 5 31 24 13 28 0 5 15 22 10 31 8 27 23 4 9 8 17 3 19 19 5 1 25 12 24 30 30 30 18 27 26 25 29 20 20 30 10 0 30 14 31 0 2 0 30 12 24 4 20 19 25 13 0 9 22 21 1 20 6 16 19 9 3 26 24 7 12 27 21 27 19 30 5 20 22 6 5 12 29 28 31 18 30 5 27 1 28 4 16 25 30 5 13 11 29 21 26 3 18 12 12 12 16 7 21 20 8 23 25 9 4 6 13 20 13 6 25 1 26 11 9 ;
6 14 12 14 26 5 24 2 12 26 22 12 28 15 16 9 22 7 9 22 19 27 29 21 21 28 14 26 5 26 22 24 20 6 29 28 28 17 29 7 9 7 3 21 12 18 23 6 9 16 21 9 16 28 14 25 13 17 20 17 27 20 25 16 18 22 19 13 5 0 16 30 26 26 6 27 17 5 24 20 14 26 4 9 24 21 16 13 29 29 10 8 12 1 20 0 5 5 8 6 21 12 23 23 25 1 15 4 17 5 10 14 7 4 28 5 8 29 12 25 4 1 8 10 8 12 31 8 10 13 8 29 2 22 23 17 22 24 6 1 2 17 0 27 0 23 19 13 31 30 27 7 17 26 4 13 24 28 20 11 26 20 9 28 10 28 5 0 7 1 3 30 28 4 5 4 7 29 24 27 2 11 23 14 24 29 16 15 9 20 30 3 26 6 24 20 10 18 14 1 19 7 15 11 30 20 28 17 11 29 7 11 22 5 0 1 21 6 3 8 6 28 17 16 22 27 21 14 5 14 29 ;
5 26 17 6 23 1 9 26 8 4 12 9 2 3 4 25 7 13 1 31 22 27 1 15 25 20 7 22 5 15 15 30 21 31 20 20 30 5 16 9 28 9 0 31 16 20 1 9 17 30 2 28 7 23 26 21 2 4 23 0 8 5 17 0 3 21 19 15 3 22 4 19 10 24 4 16 19 26 14 2 24 18 25 2 26 31 10 1 24 23 18 29 1 22 28 14 20 11 26 9 8 11 9 20 27 17 7 13 8 10 20 20 0 1 25 0 9 22 0 23 25 26 14 4 21 12 19 15 4 6 1 30 10 9 5 10 12 24 1 2 8 10 10 17 1 6 31 1 18 18 30 6 22 13 16 4 16 11 13 14 24 3 31 4 29 15 7 5 14 27 16 4 16 23 21 1 22 25 2 27 13 28 10 22 24 16 27 7 23 0 19 5 11 26 3 4 14 0 16 14 15 27 26 21 14 14 13 4 21 26 4 1 9 19 18 23 24 5 12 0 30 29 5 25 3 8 30 25 11 26 27 ;
5 4 4 13 23 28 26 11 19 23 17 4 4 8 1 25 13 20 26 0 0 4 11 15 16 16 11 19 25 12 16 2 8 19 8 11 4 9 26 16 29 27 0 10 28 4 0 6 11 31 4 28 7 3 0 12 23 14 27 25 21 23 7 2 14 10 2 14 27 16 7 2 19 0 2 17 3 4 12 26 18 15 6 10 24 31 23 13 16 29 26 28 2 16 7 11 1 13 29 4 10 12 8 14 16 22 3 26 21 6 3 17 14 11 27 17 23 2 16 26 2 14 13 29 2 13 14 20 26 4 5 0 19 3 6 26 1 11 21 31 6 22 1 11 17 10 12 19 14 31 2 19 1 4 15 19 21 0 12 28 24 26 25 28 10 5 21 17 26 12 27 9 17 7 26 20 30 29 6 8 24 30 14 18 19 8 15 6 11 10 7 24 24 11 20 21 1 15 23 19 22 5 14 25 12 9 1 27 16 31 7 21 19 22 10 1 22 6 14 26 0 23 19 9 16 6 22 8 25 31 17 ;
22 10 19 8 1 15 17 3 7 6 24 21 6 26 14 12 9 24 24 13 4 9 0 18 14 13 8 28 5 29 21 17 13 16 8 30 16 29 9 2 0 15 18 28 24 5 12 28 9 24 13 13 23 20 20 8 30 4 22 31 9 16 6 22 9 3 15 18 20 18 15 18 16 8 25 9 24 21 11 9 28 24 12 13 21 13 28 29 20 8 13 23 9 8 3 21 8 30 21 24 1 22 25 21 22 9 20 25 19 12 29 3 6 5 10 1 26 11 29 26 25 3 25 21 31 20 30 6 30 8 20 15 5 17 7 9 20 24 13 8 25 26 10 12 15 2 3 30 19 11 5 23 18 28 25 28 4 19 10 15 22 3 25 2 25 22 3 25 1 21 10 2 18 25 3 1 27 16 17 5 30 17 25 12 0 5 13 28 27 13 5 8 24 22 10 30 4 27 5 31 22 17 30 31 30 9 0 20 23 23 29 18 5 11 2 22 18 11 29 20 5 10 29 5 17 25 19 26 21 31 24 ;
4 20 17 5 5 21 22 4 4 19 13 29 21 10 8 4 30 17 29 27 28 14 20 3 5 22 3 19 24 1 13 25 29 16 13 16 14 26 15 4 7 5 21 14 24 3 15 21 2 14 17 10 2 12 30 19 18 16 20 2 9 1 26 7 18 1 28 15 10 19 0 1 0 12 21 2 15 17 23 22 1 0 10 28 7 8 15 19 31 25 2 16 11 5 8 7 11 0 2 28 25 8 15 5 30 10 30 31 31 21 1 25 21 30 8 7 31 29 28 13 16 22 17 13 6 19 8 20 1 13 20 1 27 15 5 1 6 5 0 26 24 3 29 12 14 31 26 14 13 19 21 9 9 19 0 29 10 8 7 19 20 12 27 1 8 6 4 24 21 21 8 17 9 0 6 5 30 2 24 27 21 29 2 17 9 17 22 16 23 10 20 9 8 14 16 3 25 5 24 5 0 15 17 28 2 15 30 17 19 25 5 18 27 15 13 0 11 28 20 10 9 7 19 26 21 21 11 24 11 2 19 ;
13 21 4 20 9 22 6 21 26 7 28 16 18 31 9 20 16 7 25 4 13 17 7 2 24 3 31 4 11 9 16 12 6 31 4 5 14 28 28 27 3 21 18 9 27 31 17 24 17 3 9 22 25 15 17 21 12 14 8 9 8 23 18 13 27 15 18 29 9 14 9 19 11 3 11 3 20 19 16 24 14 13 26 4 10 0 17 6 13 24 5 22 26 22 7 28 18 11 29 11 16 8 18 2 0 4 6 29 25 3 5 8 5 25 31 11 27 20 29 16 3 9 11 31 27 25 19 28 23 12 11 17 6 24 17 14 16 29 30 15 21 13 31 8 7 10 14 20 24 0 0 17 9 8 6 17 22 26 30 0 2 3 13 0 1 8 27 29 27 3 22 29 16 2 3 1 2 4 3 22 31 20 12 12 6 17 18 9 23 31 15 21 22 20 17 20 23 4 27 29 30 1 19 16 27 6 25 10 1 19 18 14 13 17 15 11 7 9 25 7 27 12 23 5 21 1 28 17 18 29 10 ;
26 17 6 13 7 25 31 18 12 10 9 30 15 6 20 14 2 14 19 27 2 6 23 30 6 25 7 22 9 3 24 31 22 16 12 3 26 1 29 26 2 26 8 9 7 26 14 11 23 30 1 30 8 16 9 26 16 22 28 5 31 23 18 25 15 1 30 27 7 12 7 18 2 23 18 17 5 9 22 11 5 4 4 15 30 17 31 2 19 10 18 26 23 23 25 27 0 31 1 18 4 31 23 9 3 27 13 4 21 23 31 24 3 18 2 29 14 25 28 3 7 15 11 19 10 27 30 19 19 2 11 22 30 1 26 17 24 7 26 10 19 19 4 16 20 9 29 17 8 4 19 27 17 16 26 30 17 18 11 3 14 12 18 16 19 18 3 12 2 17 12 29 28 26 2 31 10 1 20 8 27 26 21 6 10 22 30 2 8 18 5 18 25 29 25 20 31 4 9 21 16 20 4 23 29 5 15 19 8 9 5 24 17 1 11 27 26 0 27 18 23 15 4 4 10 12 9 17 22 12 6 ;
19 17 8 4 28 4 17 10 21 30 9 7 16 23 8 18 27 18 15 17 15 25 23 28 23 4 11 20 19 14 10 16 5 0 16 30 26 19 6 14 19 2 16 24 12 4 28 9 1 25 1 10 9 25 11 21 7 10 4 27 22 1 9 19 5 15 14 13 15 28 24 26 30 12 11 11 19 8 27 16 1 17 22 10 7 21 23 9 15 24 8 8 8 15 29 25 23 8 26 16 18 12 6 16 28 16 3 30 16 26 12 8 16 7 11 5 8 7 3 29 31 29 3 16 6 7 26 8 10 18 26 29 17 27 5 11 19 11 9 28 20 7 3 12 27 0 29 1 1 0 23 6 15 1 11 21 2 12 29 9 30 29 12 2 31 29 14 2 7 9 8 24 6 10 1 13 26 1 18 31 30 28 29 3 22 12 20 6 5 12 13 23 23 17 28 27 11 20 0 1 25 25 24 4 1 8 17 28 0 18 4 17 29 12 24 23 14 1 1 30 27 3 23 18 2 8 11 24 10 3 26 ;
6 2 21 29 25 9 24 30 8 2 9 24 3 18 12 1 27 4 28 10 12 0 9 8 3 10 23 3 11 19 25 30 21 21 23 29 12 8 17 24 14 15 24 27 15 18 21 9 28 30 28 26 5 16 23 10 2 17 5 26 23 6 24 21 23 31 27 0 14 31 2 29 15 12 11 16 25 13 6 2 4 19 30 24 24 24 6 6 1 10 17 4 22 7 16 12 0 7 18 31 17 24 7 11 29 17 0 16 17 20 25 14 10 1 10 7 29 4 4 13 27 25 3 25 30 12 17 10 8 23 20 26 0 26 20 21 2 17 3 26 11 25 12 24 5 16 8 29 23 21 5 18 1 26 19 10 7 5 9 28 17 3 6 15 28 30 22 1 3 31 15 16 27 4 30 1 5 16 5 25 15 0 0 25 14 5 24 4 12 15 0 31 20 23 27 18 0 23 8 17 15 20 25 2 31 14 23 31 29 18 6 12 10 24 21 14 29 10 9 27 14 12 8 10 28 17 10 8 8 12 11 ;
26 12 28 3 27 13 20 2 0 3 4 26 20 13 31 3 20 4 28 14 30 14 20 0 6 16 12 0 13 18 19 23 24 9 1 17 0 9 18 8 6 6 1 24 30 6 9 6 16 16 21 2 4 29 28 26 6 21 5 19 15 25 7 0 21 2 26 17 3 8 25 14 2 25 4 12 0 8 4 8 12 8 13 11 25 3 28 0 20 25 8 18 26 8 14 4 18 17 14 13 26 17 27 16 24 26 0 17 19 24 3 1 3 16 25 30 31 11 9 9 12 12 31 1 4 5 19 6 21 5 4 20 28 15 12 9 21 7 1 29 9 10 8 10 30 21 6 19 0 12 8 5 7 16 16 22 31 7 14 29 17 2 8 9 6 16 15 9 22 28 29 29 12 0 19 5 12 1 19 1 29 29 11 10 13 21 8 17 4 17 29 20 7 27 20 22 22 31 21 6 28 11 4 10 6 25 11 20 22 5 24 24 23 31 25 27 9 23 31 0 2 5 9 0 31 19 13 20 5 2 24 ;
5 17 22 24 15 11 13 1 25 22 16 9 20 2 19 22 20 18 1 23 25 9 23 20 12 22 24 9 23 24 25 0 20 18 2 24 1 1 9 1 12 28 9 17 29 23 24 15 20 25 20 23 23 14 9 22 7 28 12 5 7 17 9 29 0 27 8 30 12 31 12 11 10 31 21 4 5 23 19 20 7 8 4 15 15 4 16 8 16 1 27 0 23 23 18 22 26 25 6 14 27 20 10 9 3 28 6 18 29 15 2 30 26 22 10 20 19 24 17 26 20 25 27 8 3 2 12 1 1 25 10 24 18 5 26 26 12 18 13 14 15 23 2 30 17 12 3 31 5 15 8 9 17 7 19 14 12 28 2 27 28 3 18 13 20 24 26 9 15 28 19 19 15 24 2 1 14 25 7 27 22 15 19 1 7 16 27 7 25 19 15 14 12 25 6 1 30 29 8 0 23 11 14 1 10 1 8 13 24 29 24 27 4 9 4 7 23 26 7 8 7 0 9 25 0 25 30 7 20 20 8 ;
3 23 20 1 4 6 18 27 28 3 3 25 0 5 8 14 16 9 11 24 22 2 24 25 22 22 26 27 9 0 24 4 12 18 26 14 15 28 2 16 28 10 27 26 28 6 29 30 17 0 17 31 3 26 31 12 8 3 2 4 16 3 5 21 4 25 16 7 14 17 26 12 29 9 24 1 11 27 5 7 3 20 24 10 16 8 13 17 21 21 24 11 9 29 23 7 25 23 0 9 2 10 28 31 21 11 20 17 5 10 18 18 22 29 25 22 31 24 24 29 26 30 29 26 21 7 17 12 4 4 9 15 15 15 17 17 2 20 20 13 10 27 5 17 1 24 8 14 8 16 30 27 11 9 8 3 12 29 3 1 26 14 1 10 16 9 7 18 11 28 6 27 21 10 23 27 8 6 5 27 22 24 3 0 28 9 9 25 28 3 10 23 6 0 25 20 10 20 25 4 26 15 17 29 16 26 9 30 13 9 19 2 14 0 8 18 19 16 22 13 11 12 25 13 29 20 16 1 24 8 22 ;
18 9 19 30 10 20 28 25 27 4 7 20 18 22 22 5 23 23 29 17 7 13 11 24 6 22 13 1 7 4 18 3 31 31 2 13 0 31 17 0 0 25 31 29 18 6 29 7 15 6 23 12 10 1 16 11 29 3 19 4 28 8 3 3 26 14 5 16 14 5 1 8 3 2 23 0 21 22 22 5 10 19 9 14 17 14 26 5 14 24 27 22 23 19 25 22 1 3 17 19 9 23 31 2 31 19 1 19 15 20 10 26 2 6 6 23 5 13 27 19 25 2 22 4 27 3 17 24 23 2 6 30 3 15 15 14 11 30 15 19 3 13 0 24 6 0 6 21 30 10 26 30 18 16 18 18 23 15 9 2 18 4 22 0 15 23 7 1 31 10 11 20 31 29 26 1 12 29 29 12 20 7 3 8 5 10 24 14 2 0 13 19 7 1 29 8 23 4 16 4 0 23 27 11 1 23 3 25 29 15 11 24 19 25 29 30 13 7 20 5 23 20 27 13 7 28 28 21 25 22 6 ;
6 15 25 5 2 8 16 23 27 21 25 10 17 7 28 12 1 6 9 24 4 24 28 0 2 25 5 23 31 16 10 17 23 22 3 18 31 14 14 19 9 4 23 12 23 21 20 2 18 28 21 30 7 9 15 9 2 15 27 20 25 20 26 7 19 16 24 31 6 0 28 31 29 30 1 19 12 23 18 5 30 3 3 14 2 14 8 13 8 13 7 25 28 27 18 4 1 20 5 20 15 7 1 17 10 0 23 14 1 24 28 30 1 26 20 9 4 21 1 23 28 8 10 27 2 0 19 25 5 18 12 29 6 30 11 30 0 2 4 10 19 31 14 10 20 1 18 23 29 25 19 4 8 14 19 17 5 13 29 29 30 10 26 6 14 20 17 6 13 6 13 27 19 1 1 31 27 5 9 31 8 18 1 16 24 27 28 26 23 28 17 16 17 26 30 15 14 21 26 31 9 30 5 0 30 0 14 3 3 12 15 0 22 0 27 12 25 29 24 18 24 21 19 8 3 10 26 21 0 16 6 ;
6 2 8 6 0 26 0 21 19 17 11 3 13 13 9 3 14 3 18 23 6 15 14 8 26 21 19 2 3 1 23 25 1 6 9 1 30 27 7 11 6 13 8 0 6 29 1 4 26 25 28 5 14 15 16 22 12 19 28 0 9 18 5 20 8 25 13 2 24 4 15 12 21 26 8 31 25 6 10 25 7 11 23 7 2 11 17 11 15 12 10 9 16 8 18 29 27 22 7 12 28 19 24 13 6 28 4 3 19 7 3 22 3 8 11 5 5 25 11 1 11 14 20 24 1 18 16 16 18 7 3 8 14 9 22 19 13 31 21 31 19 7 8 21 30 19 30 13 27 26 11 1 25 11 19 21 9 31 1 7 0 1 10 5 13 12 18 3 18 22 1 27 23 11 10 19 20 24 15 29 30 0 0 9 2 21 6 30 21 1 9 29 7 0 22 2 3 15 20 28 28 6 10 23 11 25 22 21 14 13 5 13 17 1 27 9 30 23 4 7 12 18 3 26 25 10 29 31 5 28 30 ;
30 19 26 18 10 31 6 0 9 8 23 16 0 1 25 14 26 6 23 5 13 9 30 31 20 23 26 21 1 7 28 11 25 20 27 9 17 14 30 26 25 30 10 24 26 18 12 27 16 26 14 10 16 6 5 8 15 21 28 11 17 2 10 22 18 4 1 11 25 18 13 9 3 22 14 29 18 2 15 10 7 29 12 26 16 4 22 9 20 9 17 12 28 2 7 20 16 13 23 29 16 7 13 15 19 19 24 27 21 24 22 30 10 30 22 28 25 10 21 9 20 12 15 18 25 0 6 6 8 2 13 5 10 16 28 2 24 24 18 17 0 15 15 2 27 9 28 11 16 23 15 2 29 23 6 15 14 18 1 3 13 16 4 22 20 13 12 24 1 13 24 15 24 28 31 8 28 25 21 14 7 27 21 3 14 14 17 16 21 12 25 7 4 23 8 29 13 4 28 2 23 1 15 31 3 27 29 25 13 23 16 31 5 11 10 21 19 12 7 3 24 11 5 10 31 22 8 17 11 5 26 ;
28 10 11 24 4 26 13 8 18 3 4 17 21 23 2 18 13 9 14 25 25 19 25 9 29 25 31 1 6 17 6 28 21 28 0 22 27 8 1 15 29 11 25 31 3 16 18 5 25 22 31 0 15 8 13 4 9 19 10 27 26 3 6 11 12 26 19 16 6 9 9 22 22 26 29 9 6 12 22 14 22 19 4 5 18 31 7 10 0 28 14 9 12 25 31 25 22 4 3 1 24 3 31 2 5 13 28 13 4 14 11 1 10 8 19 5 27 28 27 0 23 18 10 8 17 14 3 10 29 1 0 25 8 27 13 12 30 30 3 26 15 16 5 2 2 5 16 14 15 1 24 7 22 9 2 4 5 15 11 27 26 28 17 31 10 27 26 17 14 8 25 13 22 19 15 14 29 9 24 28 16 10 21 10 7 8 13 20 30 24 4 18 7 27 13 19 1 21 21 18 28 21 9 20 26 20 0 9 17 24 3 2 28 20 29 29 29 27 13 29 20 23 14 16 31 13 20 17 13 15 8 ;
30 22 25 26 30 16 30 12 24 3 10 9 20 17 31 3 21 31 25 10 2 31 26 23 19 4 13 9 24 20 18 21 6 16 9 16 12 25 22 13 13 1 22 19 9 5 3 11 2 15 26 1 13 0 1 28 2 19 30 29 14 21 0 30 11 26 13 17 24 22 20 15 10 2 18 8 1 12 26 15 9 19 31 29 12 14 2 3 15 22 15 3 11 31 4 10 5 7 28 2 24 16 25 3 30 8 16 17 8 14 5 9 8 27 6 27 23 12 31 8 18 17 18 30 27 20 20 13 14 13 11 13 20 27 0 3 6 24 10 31 29 2 0 10 15 23 31 19 7 0 11 21 8 23 22 23 30 8 14 3 18 8 19 19 16 4 29 3 4 6 13 11 11 2 24 20 3 25 27 28 12 22 13 15 19 16 7 10 4 29 16 12 9 23 17 31 26 15 25 17 28 2 10 5 18 22 30 26 26 22 29 13 20 9 4 10 10 7 6 26 11 21 20 10 12 23 12 31 28 20 7 ;
30 25 10 31 17 16 5 30 5 12 17 20 20 7 14 3 8 11 21 19 26 28 19 7 21 3 4 17 16 0 25 26 2 1 29 11 30 18 22 30 21 1 23 6 12 15 9 5 13 2 9 26 5 0 2 19 7 29 30 13 14 9 4 15 2 26 30 3 27 4 3 27 11 17 29 2 11 30 28 3 5 2 24 26 3 7 7 8 18 26 24 9 3 6 8 26 22 15 24 6 18 31 16 22 3 23 18 19 25 26 16 15 16 6 23 6 8 12 9 29 3 10 3 2 13 7 15 14 16 1 18 14 1 11 16 21 26 10 15 4 29 26 2 2 26 15 9 9 1 5 28 29 4 4 17 17 27 5 1 13 28 25 0 24 31 26 0 2 26 30 27 20 27 21 9 2 29 9 27 5 8 28 5 21 13 9 12 27 25 31 18 28 21 24 24 4 21 9 22 16 17 2 10 26 3 21 2 28 25 29 17 11 15 9 6 19 30 20 15 9 7 19 3 15 29 26 15 8 15 24 23 ;
30 1 29 18 15 21 9 27 14 26 22 24 10 23 6 6 0 9 6 20 25 14 8 31 0 6 8 24 10 5 13 26 12 24 9 13 17 29 25 4 27 0 19 5 23 29 5 4 27 27 27 13 2 12 19 12 30 6 7 19 21 27 16 16 17 9 31 30 26 6 21 5 15 0 20 8 25 27 18 7 15 23 11 7 11 20 10 28 25 6 13 4 31 6 7 18 0 8 30 29 28 16 27 15 12 31 23 12 17 25 7 4 27 20 23 3 23 30 10 16 5 3 31 3 22 4 19 11 6 21 31 15 27 23 7 16 12 12 17 1 3 4 1 28 12 8 29 18 14 7 2 11 2 21 16 13 8 25 22 20 14 19 8 27 3 18 24 22 24 15 14 11 17 28 17 31 30 10 6 20 29 17 0 14 31 16 3 27 3 9 2 25 22 4 26 17 4 27 14 2 6 12 18 28 25 13 15 25 23 0 21 13 9 25 13 14 17 6 21 16 19 22 4 20 25 5 23 14 11 9 14 ;
28 8 14 26 22 3 21 7 27 28 18 24 22 5 25 28 11 24 7 0 11 18 28 26 20 16 16 30 26 7 18 10 19 25 24 13 16 6 0 6 15 3 22 29 10 13 13 7 5 23 23 9 16 31 28 10 1 18 21 30 26 20 2 1 31 8 5 21 3 6 30 25 30 30 15 4 27 18 18 6 23 8 10 30 3 16 28 3 18 20 14 30 2 3 24 12 29 23 1 30 3 7 8 4 27 31 3 8 16 15 31 3 15 6 30 31 7 1 29 7 6 20 20 17 9 18 19 24 18 22 7 29 3 22 9 20 5 23 29 26 1 27 29 10 20 24 15 23 21 3 4 11 8 31 3 3 27 2 25 21 4 7 6 6 22 25 25 7 10 1 11 22 22 1 5 0 11 2 8 5 1 12 21 3 5 30 6 7 6 11 18 13 7 15 7 10 0 10 27 30 1 1 2 26 7 20 21 3 3 10 10 6 5 31 8 25 30 16 5 12 20 11 1 19 31 29 9 12 11 12 8 ;
29 1 17 16 23 24 9 4 8 13 17 23 14 14 25 12 2 27 19 20 7 8 14 12 16 16 15 4 15 19 1 16 6 22 8 0 23 28 0 13 19 13 3 27 28 23 15 31 7 10 7 5 7 11 30 22 22 18 7 17 3 4 7 14 19 27 0 21 7 13 30 28 6 26 10 18 31 29 23 23 26 15 2 7 28 0 31 7 7 1 0 9 20 7 6 4 18 5 2 12 9 27 2 25 2 31 30 31 25 2 15 29 4 30 23 22 9 19 8 16 1 14 2 27 17 22 25 19 25 15 4 15 2 17 25 20 16 11 5 10 1 3 27 7 18 12 19 31 28 12 16 11 7 26 9 16 29 31 13 6 12 29 29 3 11 10 12 17 26 14 13 8 14 21 12 9 10 7 31 28 22 1 23 11 13 22 2 21 7 15 24 26 23 24 3 22 9 7 29 18 28 8 13 16 8 17 30 7 19 7 3 26 4 21 19 4 28 16 4 15 15 28 2 29 10 26 3 12 24 29 28 ;
24 21 27 27 2 1 3 28 13 9 9 22 5 20 4 8 31 26 15 5 27 5 7 2 18 3 31 20 9 8 0 17 24 20 28 19 1 26 18 9 4 0 12 13 25 22 2 3 1 29 31 10 1 29 12 25 3 29 27 30 18 17 2 0 20 11 18 24 2 10 27 20 21 14 13 1 15 21 5 11 31 6 20 22 13 26 17 26 14 0 17 17 5 18 11 3 15 5 16 22 18 13 1 6 0 9 20 26 29 3 26 12 3 31 2 29 1 25 6 19 22 18 3 28 22 20 31 24 29 5 12 4 6 25 21 15 11 26 20 13 6 3 0 2 23 22 9 6 23 19 25 11 29 10 30 2 25 0 2 8 8 12 22 21 22 23 27 0 16 7 26 14 9 3 4 23 3 18 8 20 11 25 31 29 5 7 4 15 31 17 3 27 23 1 24 18 10 8 0 5 8 26 19 20 11 25 7 30 30 3 7 3 22 1 15 30 1 5 2 18 21 25 11 31 5 10 11 7 22 23 15 ;
30 8 18 8 19 12 15 20 11 22 3 20 0 12 30 16 26 5 28 28 27 28 20 13 16 5 22 4 25 2 14 19 28 3 28 29 12 17 5 7 21 0 16 16 6 7 23 13 30 23 30 24 16 13 9 28 7 27 11 30 8 12 11 18 19 12 23 4 8 0 2 10 30 1 5 8 29 1 12 5 20 12 9 18 9 19 8 10 26 24 23 11 17 31 4 24 20 21 5 28 10 19 18 22 6 5 7 9 22 30 15 12 27 24 27 29 18 28 16 12 21 20 17 26 9 7 20 22 5 27 25 30 19 25 30 31 6 4 4 20 19 1 2 19 28 1 11 16 6 29 30 23 6 17 30 11 18 30 14 1 27 15 12 5 3 30 31 11 9 29 30 28 17 13 18 2 10 13 9 19 10 30 10 5 25 25 21 4 29 8 1 20 3 12 21 27 13 20 25 28 2 24 21 30 18 15 25 7 29 1 27 17 4 5 28 2 5 11 14 25 19 20 0 16 29 22 26 28 10 18 27 ;
22 18 25 0 9 1 10 10 10 5 31 9 2 28 2 1 15 29 19 26 1 22 30 17 15 13 10 21 29 26 13 26 27 30 16 30 15 23 2 19 30 27 19 1 13 5 3 4 28 10 29 0 15 16 19 29 24 1 12 7 11 26 27 10 30 22 19 28 27 2 0 11 4 5 18 26 19 5 2 24 0 20 17 25 15 6 8 3 27 23 14 23 12 27 4 14 5 2 4 21 23 28 12 2 25 22 28 16 15 14 20 2 31 0 30 31 9 29 0 15 13 29 17 9 11 16 1 28 6 6 10 29 2 9 10 16 8 3 1 9 4 20 11 9 13 1 25 8 23 17 10 31 10 1 5 26 15 18 28 3 12 1 18 28 9 7 10 20 11 18 9 18 10 26 2 10 31 29 15 9 20 2 6 22 8 14 25 11 5 20 12 26 7 25 7 31 0 18 17 27 0 18 30 12 19 29 19 30 24 4 21 1 2 1 29 1 25 23 8 7 8 18 9 18 0 2 22 17 18 5 15 ;
24 8 18 24 9 9 2 5 16 17 13 18 2 15 13 7 15 16 16 10 29 8 8 31 2 23 29 29 10 24 5 20 29 26 19 5 1 24 20 21 10 26 3 16 7 19 25 8 15 4 26 6 18 16 11 27 4 14 15 16 22 13 31 19 29 8 15 2 2 4 7 4 7 16 13 31 1 22 31 16 28 28 13 15 16 26 23 18 22 25 27 25 0 17 31 28 1 24 0 31 10 21 16 19 23 10 30 15 5 15 31 24 27 10 1 17 13 6 4 31 12 8 2 8 23 20 31 6 19 12 26 21 11 7 0 22 31 6 4 7 13 24 7 6 4 5 13 5 13 16 3 8 20 9 25 13 9 10 8 30 0 25 5 12 4 12 20 6 4 7 24 17 26 26 22 15 8 25 0 16 5 19 8 3 27 10 19 13 3 22 0 18 4 15 12 26 16 21 21 26 15 29 10 7 14 15 10 1 2 27 27 21 4 7 8 12 7 29 19 4 23 25 21 26 3 11 3 8 10 1 22 ;
15 23 19 19 8 15 9 3 13 21 2 10 23 13 15 17 8 7 20 11 5 20 26 21 11 7 9 24 31 6 23 17 0 11 5 11 28 28 9 9 6 4 23 7 7 8 30 20 7 4 21 0 1 25 7 7 20 1 8 3 29 1 29 20 13 5 30 6 17 10 21 13 13 14 13 0 16 17 22 17 16 0 27 26 0 1 29 7 30 23 7 1 22 25 21 21 24 8 12 11 25 20 5 14 16 29 17 22 20 5 17 1 8 6 17 1 29 6 4 20 11 3 20 3 12 2 26 18 6 2 18 28 13 30 25 28 16 1 23 8 11 9 15 30 0 0 9 9 11 19 10 18 27 17 10 15 31 24 24 1 21 2 13 0 19 2 21 4 23 17 0 7 9 6 11 17 15 28 27 23 24 19 5 26 1 26 0 13 10 13 22 0 13 19 19 10 0 23 23 27 6 21 10 17 10 31 22 17 18 19 0 26 24 1 30 20 29 12 19 22 26 29 15 2 22 5 2 19 8 6 17 ;
17 11 3 18 4 2 5 2 3 19 15 2 0 25 4 20 18 13 16 14 25 24 30 3 29 23 1 12 21 10 0 29 21 8 3 20 19 15 21 20 28 9 0 17 17 10 12 29 30 12 2 5 11 21 28 5 10 8 25 1 29 12 3 6 21 22 1 10 31 19 7 20 14 0 23 28 0 15 3 19 1 2 5 20 27 30 17 18 17 1 19 7 5 7 20 14 25 21 5 7 10 26 12 10 6 30 6 28 27 9 28 18 14 4 15 20 31 30 28 18 13 0 16 1 27 15 19 17 18 12 19 22 18 28 12 2 3 19 4 28 8 26 17 26 1 15 21 22 26 15 22 27 27 19 16 3 25 12 19 9 31 7 21 7 23 5 1 15 20 13 22 15 31 17 29 23 15 4 21 20 25 7 3 16 17 3 9 8 20 27 10 13 5 26 4 18 19 5 0 28 1 12 13 29 23 18 20 1 2 13 11 25 11 29 27 21 17 20 15 20 21 13 19 27 9 6 22 31 31 16 16 ;
10 8 28 19 9 12 0 0 16 31 5 17 4 16 14 18 9 1 18 17 2 14 10 5 9 2 30 21 7 16 4 20 9 15 24 16 6 24 24 26 6 23 23 26 11 2 2 25 25 7 17 31 1 10 23 12 11 29 29 20 13 22 23 4 23 25 7 4 19 6 9 3 15 11 27 30 5 3 0 10 5 8 19 19 2 28 22 17 0 11 4 28 2 1 4 9 9 20 6 23 8 5 12 15 3 22 2 2 10 28 11 2 1 24 7 4 19 10 29 18 28 16 28 7 3 1 18 6 16 18 12 3 4 22 1 29 18 15 26 28 12 4 23 2 29 19 14 23 29 17 21 30 28 20 19 1 23 1 14 6 0 28 11 20 11 1 30 8 21 3 17 30 31 15 5 5 29 8 15 11 18 28 24 5 7 7 10 27 31 28 12 0 12 5 25 6 8 19 2 12 3 1 16 24 5 24 31 12 8 8 7 27 19 29 10 26 23 10 13 15 4 22 15 15 18 19 22 2 10 28 18 ;
3 1 22 10 28 4 8 26 22 12 15 7 24 19 27 0 9 6 21 26 31 25 6 4 24 29 14 20 31 19 10 11 2 16 3 15 2 31 20 26 9 4 8 6 30 10 20 31 16 16 19 11 12 19 10 21 9 17 5 28 22 14 3 6 9 18 11 6 27 0 7 7 3 25 14 23 9 7 3 14 17 26 26 23 8 15 24 7 2 5 24 31 9 13 2 10 20 15 18 26 20 14 17 27 26 4 12 15 19 4 17 13 20 15 15 0 25 15 14 26 8 23 5 20 16 9 8 25 29 16 28 22 26 22 10 19 21 8 21 2 0 18 11 12 14 10 14 8 31 22 24 15 18 7 31 11 7 28 26 15 13 28 19 23 27 20 12 25 14 8 1 13 0 27 27 9 23 30 16 14 1 9 4 23 2 6 4 1 12 23 3 6 18 24 16 27 20 18 26 21 10 29 7 22 15 14 19 20 16 1 21 5 17 19 13 28 6 15 29 14 10 21 7 29 26 25 24 5 12 22 30 ;
14 5 27 7 16 8 2 7 5 28 20 28 26 23 31 8 0 27 15 26 25 27 4 21 25 25 14 27 21 20 2 12 16 20 12 25 22 20 1 30 27 28 13 13 26 23 30 22 1 27 27 9 12 15 10 17 8 6 26 27 19 24 8 29 5 14 31 0 14 29 30 21 18 4 13 24 30 1 1 20 26 29 29 25 25 22 7 9 1 30 22 16 14 6 21 15 1 4 3 7 0 14 22 7 22 25 5 11 8 2 14 4 30 29 6 27 17 18 29 3 13 24 7 31 10 11 10 7 21 24 21 3 18 13 1 12 4 27 7 26 14 31 29 29 28 26 13 20 10 0 4 28 20 28 12 2 24 15 24 9 31 21 6 22 14 21 0 30 19 21 22 5 10 29 19 24 24 27 27 18 7 24 8 8 13 15 6 21 4 18 24 25 1 22 12 11 4 31 22 3 12 6 4 16 15 2 26 12 7 13 31 2 26 31 4 7 11 4 23 11 26 11 6 22 6 8 25 2 3 2 13 ;
16 31 15 28 13 29 22 15 12 24 16 18 4 7 3 15 13 13 18 20 23 17 27 9 14 11 25 22 3 15 23 6 20 11 17 3 29 10 13 14 12 10 10 24 17 24 20 5 20 12 29 18 12 5 4 9 11 24 12 16 20 20 18 0 10 11 2 25 8 28 2 14 23 13 4 28 21 12 29 21 13 2 26 14 24 7 24 15 19 17 27 6 11 11 23 28 29 16 8 13 25 8 3 31 3 31 8 28 4 8 24 22 12 25 21 29 23 19 24 10 14 26 3 16 24 14 29 8 6 14 6 1 2 29 10 11 26 15 17 30 26 7 10 25 31 9 10 5 31 4 11 17 30 8 10 22 31 20 5 16 9 9 17 0 14 0 26 23 28 0 17 31 22 3 23 21 3 16 17 17 15 6 29 10 17 7 30 29 18 15 13 28 26 10 3 7 17 14 8 2 10 6 10 16 14 13 11 29 1 26 20 7 24 25 10 4 24 18 6 8 13 8 30 6 13 27 16 23 18 20 2 ;
7 17 21 11 17 27 13 14 9 15 4 14 26 7 17 6 8 31 31 27 13 29 4 19 0 8 30 5 26 1 28 16 16 0 24 22 0 12 20 9 20 22 26 30 17 14 12 11 16 20 8 2 29 4 22 14 23 30 22 22 24 3 4 9 15 12 4 1 4 25 25 5 31 16 2 23 8 3 26 20 25 13 1 24 3 16 6 25 17 1 16 6 24 1 17 25 28 6 6 14 1 3 27 19 31 6 24 1 2 3 14 21 21 23 0 27 11 19 17 2 24 8 9 21 27 22 3 20 1 2 21 27 30 26 18 20 2 1 20 11 29 30 15 5 27 7 20 22 19 14 16 12 20 11 12 12 22 30 30 19 16 27 24 1 17 23 29 24 30 10 29 29 8 7 3 28 25 30 13 1 22 6 31 13 23 0 9 2 16 24 8 26 21 22 13 7 0 7 9 9 31 10 5 18 6 11 15 16 8 20 20 14 4 30 23 26 31 14 29 12 12 26 6 21 14 12 27 22 22 2 2 ;
6 5 30 27 28 22 27 13 19 22 0 25 25 29 28 10 1 18 18 16 6 3 19 22 1 21 5 4 30 15 25 17 29 6 25 26 26 27 6 31 13 30 1 12 26 3 26 15 5 8 7 5 16 14 24 2 24 20 7 8 2 1 26 25 8 1 3 29 5 28 26 3 23 9 14 14 18 20 25 9 18 12 5 20 14 28 15 12 22 7 8 10 27 7 11 27 31 2 6 22 13 8 22 19 13 8 17 22 15 13 31 22 13 31 20 9 24 27 23 6 1 5 22 5 10 29 26 23 16 23 25 17 1 5 9 30 19 16 25 11 5 23 27 26 16 26 26 15 4 8 9 30 24 23 3 6 25 11 29 20 31 15 25 6 13 21 4 14 16 12 14 23 30 3 9 8 22 24 7 3 27 3 6 14 17 12 21 24 31 0 11 31 21 2 30 4 1 6 10 10 1 9 14 19 29 5 3 19 16 14 31 24 0 22 20 21 16 11 25 7 23 11 22 22 31 13 25 11 19 31 7 ;
17 25 27 27 7 22 23 24 28 11 31 15 29 31 16 21 25 12 19 18 5 21 21 6 10 13 25 25 15 9 3 22 16 1 15 31 4 29 17 17 10 24 11 13 29 17 0 18 28 16 5 11 15 30 4 20 21 24 0 11 3 0 13 2 28 25 23 19 27 13 20 13 19 20 28 28 22 18 24 5 10 20 2 15 17 12 27 10 9 1 17 11 30 28 12 12 28 29 23 3 27 9 1 20 6 20 29 7 11 3 12 17 3 15 23 8 19 8 25 16 22 16 7 31 13 14 19 1 7 30 8 27 1 10 5 31 4 10 29 24 10 8 26 24 6 21 24 31 26 20 30 3 8 1 9 18 11 6 10 24 19 3 19 23 25 25 8 2 6 15 22 29 12 20 2 16 3 6 18 12 8 16 27 31 6 22 21 0 23 17 19 23 20 7 26 4 20 20 6 6 25 21 29 8 1 27 4 17 19 9 24 21 16 10 19 15 14 19 1 7 0 14 24 12 16 13 9 30 31 12 13 ;
26 13 1 22 27 13 22 10 5 30 17 30 30 29 28 25 24 4 24 24 6 26 10 20 18 13 25 4 20 16 6 23 15 6 11 22 7 6 11 8 6 27 21 30 12 29 27 21 12 30 28 14 1 9 16 6 27 17 29 2 24 12 3 16 23 25 31 5 18 3 21 5 6 20 27 5 28 12 2 31 11 30 11 9 13 4 10 27 1 3 0 20 13 19 15 27 30 26 20 10 12 25 22 7 22 18 31 18 1 24 13 30 31 17 28 7 6 14 15 25 0 31 15 29 6 2 10 24 4 16 11 24 13 5 28 26 9 21 10 11 6 12 16 26 13 4 28 30 25 24 4 10 4 28 0 10 7 18 8 29 24 20 14 8 17 23 21 26 17 8 21 5 24 24 9 1 31 0 27 23 13 15 3 17 18 22 25 10 18 12 23 5 7 14 7 27 28 31 21 19 23 18 3 27 20 9 3 18 2 22 6 16 22 13 30 27 26 8 27 13 13 24 13 0 22 8 25 24 24 17 13 ;
