Galois Field : GF(31)
Number of variables (n) : 20
Number of polynomials (m) : 40
Seed : 2
Order : graded reverse lex order

*********************
26 25 24 29 28 11 26 27 19 11 3 21 23 29 22 10 0 11 18 9 19 4 4 3 24 20 11 14 20 4 24 12 8 12 6 21 11 12 2 16 10 5 7 12 22 17 23 20 4 2 31 29 28 9 7 5 15 26 9 6 3 4 13 13 24 16 1 1 4 22 6 23 23 4 27 28 25 23 27 1 16 4 15 1 31 5 13 23 21 9 8 8 29 18 27 12 22 24 19 31 12 31 14 24 8 31 29 7 16 12 3 6 20 21 10 4 4 17 19 28 1 17 27 17 31 10 23 22 27 9 26 3 13 24 27 14 18 11 24 6 28 25 25 2 2 27 29 13 9 26 28 10 17 20 1 3 13 28 12 23 17 30 21 23 5 26 20 18 4 28 23 28 2 26 14 16 4 10 27 17 13 29 4 13 14 11 28 16 7 21 16 1 25 15 16 24 1 18 12 23 9 13 15 22 25 23 6 30 14 15 11 28 7 30 25 3 1 30 11 28 8 6 4 27 25 23 9 19 18 24 12 ;
3 1 19 24 2 27 22 2 3 8 13 14 22 8 0 10 13 13 4 18 1 2 20 10 13 12 10 9 10 19 27 2 9 21 10 14 12 13 8 3 16 26 4 7 30 13 9 2 31 13 23 19 27 10 14 16 10 7 11 16 23 13 15 11 25 14 23 11 1 7 13 6 25 5 1 18 20 27 23 27 20 6 1 12 3 18 23 7 17 31 10 16 30 1 29 25 0 15 18 2 21 6 10 14 0 31 4 31 9 6 0 24 6 7 4 29 3 4 18 4 17 4 7 22 1 1 13 27 18 24 19 3 9 29 30 23 7 25 7 9 25 30 8 14 27 31 10 15 8 12 15 8 18 7 6 24 20 0 18 24 9 27 28 14 19 13 19 7 21 8 28 23 25 11 31 21 21 13 29 3 4 17 9 21 15 26 25 5 18 30 21 18 13 5 24 17 18 31 14 7 19 2 25 27 20 24 8 28 14 1 0 29 3 21 5 31 30 28 9 11 15 28 26 2 5 23 11 4 27 9 26 ;
17 17 25 9 18 12 31 18 19 27 29 9 30 14 10 2 14 28 6 22 11 8 12 2 16 28 29 12 31 8 22 15 27 29 8 14 4 19 23 10 26 10 10 23 1 1 20 11 17 27 16 23 7 6 19 26 17 20 21 27 30 20 11 24 2 5 31 4 6 22 10 0 21 30 12 14 16 17 11 10 12 31 1 19 12 13 17 0 19 17 1 7 31 4 30 15 10 6 2 29 2 31 31 4 27 10 20 9 28 17 6 10 12 14 25 15 25 22 13 24 25 17 6 8 19 10 26 28 30 20 5 27 20 8 1 31 22 23 11 27 7 10 27 5 3 8 16 26 10 17 22 9 11 23 24 15 9 16 0 22 20 23 16 4 11 16 5 12 8 6 21 23 3 13 19 24 28 11 10 19 13 10 0 14 30 13 24 0 26 4 7 23 31 0 10 9 29 13 18 5 12 10 17 6 29 16 0 19 27 3 28 9 22 2 11 21 15 17 6 25 3 4 12 28 24 29 2 20 6 18 12 ;
3 5 31 20 0 3 20 14 14 20 1 22 19 3 29 25 18 23 12 9 25 1 31 3 9 27 21 4 28 16 15 25 13 10 5 15 15 1 1 4 6 29 1 5 1 31 30 28 1 13 18 12 6 14 12 21 6 28 26 9 28 24 14 29 26 25 30 6 22 11 25 11 11 24 21 1 26 3 18 23 15 14 17 1 22 13 22 1 9 6 23 14 20 26 20 8 15 25 16 9 19 30 20 5 28 15 26 10 1 2 29 4 10 14 8 22 4 7 4 8 20 27 13 22 4 31 3 28 7 20 30 21 15 15 21 5 24 27 12 2 19 17 20 2 1 21 21 8 21 15 11 16 11 0 0 21 13 8 11 24 26 22 9 15 11 7 4 30 26 26 11 5 29 18 25 18 20 29 31 18 20 20 18 14 15 14 0 18 24 12 29 24 6 15 15 5 21 14 3 6 9 3 15 22 16 18 19 22 12 28 13 10 25 7 28 3 18 30 3 18 7 11 20 14 4 23 22 5 23 21 6 ;
2 31 6 17 2 29 28 24 31 0 10 3 13 8 28 23 10 19 24 15 30 18 17 10 28 21 17 30 5 26 22 22 18 14 26 13 7 9 20 4 22 15 26 20 23 13 15 8 15 6 15 14 3 23 31 13 23 22 7 30 24 26 21 2 1 31 2 27 7 19 17 28 9 7 21 13 8 23 28 10 8 26 3 2 28 16 17 26 24 20 20 26 23 18 25 25 9 8 17 10 12 19 2 21 1 16 11 24 26 11 12 19 10 15 22 27 23 2 26 17 28 26 20 18 21 15 19 5 25 4 26 10 14 27 26 18 18 15 23 10 7 10 26 11 23 11 1 23 7 16 8 19 27 24 30 7 0 11 10 20 13 26 20 18 3 27 4 28 9 26 21 10 20 9 8 21 10 25 22 12 2 5 19 17 15 31 31 15 22 29 7 1 14 2 11 7 31 5 17 21 4 22 18 26 4 17 26 8 1 22 2 12 16 4 3 6 10 19 19 20 16 20 4 29 17 0 27 23 11 1 9 ;
10 11 17 2 20 16 29 17 15 29 18 17 11 14 19 20 25 6 29 31 11 13 5 20 25 27 8 0 4 2 30 4 30 4 17 0 15 11 21 6 27 7 31 6 24 7 16 0 18 3 31 25 29 24 28 9 16 7 23 7 18 27 26 11 25 23 2 13 14 15 23 22 14 1 16 27 8 31 30 3 27 8 23 6 9 10 1 9 22 30 11 26 26 23 10 3 14 31 27 17 15 30 24 17 30 26 16 1 8 15 17 28 4 30 12 7 26 22 19 4 3 23 13 25 21 17 23 28 14 7 25 16 8 24 22 10 28 25 26 27 25 27 22 24 28 18 0 29 30 7 25 9 27 25 9 10 28 16 15 11 11 27 9 20 16 0 28 7 4 20 29 13 1 7 12 14 6 4 21 30 7 24 16 11 31 30 7 6 12 18 13 14 24 21 0 19 29 11 31 28 18 22 18 21 3 1 1 8 21 15 5 15 23 16 22 17 5 24 9 27 1 10 28 18 15 16 13 19 16 8 22 ;
18 4 22 5 3 24 1 0 7 27 28 18 17 11 17 18 10 30 23 19 31 8 29 0 8 29 26 25 21 22 4 23 14 14 23 4 25 12 28 10 25 3 30 16 31 31 13 6 30 28 25 15 1 2 0 4 21 2 19 22 14 25 24 5 19 4 23 0 17 0 9 31 11 13 5 27 10 20 30 2 21 20 6 19 3 22 15 19 24 29 25 13 13 31 20 12 10 14 25 0 20 9 25 10 0 26 16 19 9 14 6 25 9 6 24 29 24 14 20 30 23 25 21 26 19 13 0 19 28 8 28 30 1 24 6 27 26 31 5 25 28 2 17 17 30 15 14 6 3 6 17 8 29 10 11 20 23 22 0 26 21 25 18 22 7 24 30 4 9 28 0 14 20 27 27 28 2 25 9 8 18 22 5 22 10 7 9 18 10 1 22 11 18 1 15 6 13 27 17 14 8 8 6 3 29 25 25 9 22 24 5 31 22 14 30 22 30 11 24 29 22 23 10 10 29 7 28 17 27 28 6 ;
19 11 13 1 18 13 3 9 18 25 25 17 19 28 4 14 0 6 5 18 20 30 0 29 5 7 4 7 10 31 7 31 23 17 15 7 17 17 4 12 12 8 28 3 10 27 6 12 10 10 2 23 17 5 30 22 28 1 27 5 0 18 16 26 26 13 25 23 11 17 20 3 18 20 19 5 24 23 13 4 4 15 30 5 21 16 6 22 26 6 29 28 21 18 4 24 23 12 6 21 3 28 25 17 21 13 21 5 25 28 14 21 26 16 3 31 2 21 7 22 25 14 7 20 22 16 7 19 3 26 5 25 16 22 24 8 19 22 21 0 26 3 16 13 15 19 0 5 3 3 22 2 21 23 22 11 3 12 10 27 2 11 10 28 31 18 6 29 17 16 14 4 4 18 19 30 4 3 17 14 13 19 14 23 19 30 7 11 5 22 16 1 4 20 0 30 20 16 17 27 19 25 1 26 25 20 15 11 6 4 11 20 31 22 10 14 0 6 19 20 11 10 13 12 3 19 7 31 6 16 7 ;
21 10 4 19 29 4 3 27 27 6 19 8 23 23 8 3 15 0 16 20 23 25 22 15 3 2 1 8 18 9 31 29 26 28 25 21 6 22 23 5 3 17 15 22 0 10 18 5 26 22 31 21 14 25 15 20 7 31 23 18 6 1 16 26 27 12 21 5 14 12 14 31 13 17 31 19 19 16 31 13 8 4 25 16 17 7 26 9 22 8 23 19 21 14 30 12 4 5 17 7 8 9 9 27 11 24 12 13 3 1 4 18 9 10 2 30 28 1 6 14 16 31 10 16 0 18 11 28 16 11 27 15 18 29 4 3 22 5 12 2 4 12 10 27 27 22 19 1 26 29 8 17 17 18 30 25 14 25 27 22 18 0 24 27 5 19 24 26 10 4 9 18 22 15 13 16 22 5 21 9 21 9 21 27 12 9 14 19 27 30 15 9 3 9 30 22 16 12 31 31 31 28 5 23 15 30 30 6 11 15 24 2 11 26 9 17 1 18 4 29 13 18 13 30 29 0 23 31 21 20 5 ;
26 20 22 26 11 12 24 6 8 18 16 22 15 8 3 1 19 6 9 3 21 20 7 27 12 23 11 24 22 7 10 30 28 10 19 8 7 2 21 23 8 11 31 31 1 6 8 11 15 14 16 4 9 12 13 17 2 9 9 8 24 7 21 11 3 15 0 10 3 1 10 18 19 1 31 25 15 2 19 14 11 2 30 29 16 22 22 15 27 29 14 20 11 30 7 16 4 20 3 17 17 27 11 10 7 5 27 11 17 13 11 29 31 6 27 18 27 18 18 21 30 18 0 13 30 26 17 0 19 1 5 3 22 16 30 12 15 17 18 10 9 30 26 14 15 2 17 30 19 31 5 12 11 8 16 29 26 0 5 31 20 22 25 21 4 28 19 28 30 28 12 17 12 20 11 14 18 13 12 22 3 18 1 20 9 30 21 19 5 20 13 24 8 5 7 22 11 25 20 21 29 18 24 20 8 24 23 28 10 10 23 0 12 25 1 1 28 12 8 6 12 24 30 31 5 17 30 0 31 6 5 ;
26 19 6 17 1 20 22 31 23 25 21 21 22 16 27 14 2 14 16 25 18 9 9 19 3 12 24 16 19 2 2 12 31 13 25 28 11 21 25 12 6 24 3 15 28 26 13 29 11 6 20 17 9 6 19 9 4 0 2 15 16 8 11 15 30 24 18 7 18 19 10 31 30 28 0 11 19 12 28 2 3 28 4 26 22 13 7 31 4 6 23 18 25 3 22 26 2 11 29 22 24 23 10 1 16 9 16 13 19 12 24 14 8 16 8 28 3 20 19 6 24 9 11 12 7 21 8 20 20 20 8 8 18 4 16 30 20 1 18 2 11 20 5 17 26 13 22 13 1 4 29 24 5 10 20 8 13 31 14 30 14 2 28 30 28 0 9 28 30 16 3 28 24 25 24 20 30 7 14 4 8 9 6 30 5 5 23 1 2 6 15 13 21 30 23 17 13 4 17 7 22 13 2 19 31 14 0 8 19 24 8 16 11 8 24 23 25 11 15 28 19 6 31 24 14 14 6 8 12 3 20 ;
26 5 17 7 29 7 30 31 20 6 10 0 21 9 29 2 6 30 4 19 7 28 24 21 14 11 11 20 8 8 3 18 23 16 18 4 29 25 19 26 14 9 12 23 23 24 23 13 10 25 5 26 31 9 4 0 29 29 24 26 25 1 18 25 15 24 5 0 18 25 6 9 18 8 26 21 15 9 21 13 20 10 12 3 19 12 13 13 9 1 15 24 31 1 30 7 12 8 11 12 22 22 19 27 1 6 16 12 15 11 29 8 30 13 19 31 20 22 23 22 30 30 16 11 3 24 0 25 13 14 0 17 6 26 13 18 0 17 11 26 15 30 9 4 20 26 18 8 5 17 6 24 24 30 6 8 9 26 5 0 9 19 4 5 9 29 12 20 30 13 1 19 16 26 25 0 9 20 3 0 30 14 18 4 20 27 25 15 21 18 23 20 31 30 9 13 1 23 5 6 20 17 25 6 10 2 11 18 8 5 13 31 17 21 9 12 11 21 4 0 1 14 1 1 15 13 21 8 23 27 8 ;
24 27 17 16 12 8 9 15 0 12 25 16 25 28 3 18 23 28 10 21 29 4 11 14 20 26 18 19 5 15 24 29 23 5 16 1 29 1 0 9 28 30 21 4 31 8 11 9 12 23 20 1 4 20 15 11 8 31 13 29 31 15 20 18 11 16 7 6 30 29 2 26 16 27 24 19 6 16 20 18 10 15 14 31 20 24 12 29 27 4 18 8 14 30 30 0 12 27 0 22 14 16 5 20 9 13 22 16 0 3 13 31 26 6 30 2 2 30 4 7 20 29 5 3 6 22 22 5 3 4 17 4 29 3 3 5 8 30 31 29 29 23 26 20 7 27 1 21 29 3 11 0 23 21 25 13 14 0 7 28 19 9 4 30 0 17 25 0 3 9 21 12 24 20 21 6 31 15 4 28 23 31 25 10 29 0 11 3 27 18 18 15 24 0 31 21 10 12 24 31 2 31 25 2 8 7 31 21 3 29 20 31 6 14 18 8 12 13 18 1 5 13 1 10 27 10 6 28 22 17 3 ;
20 27 6 30 18 9 27 4 27 8 19 9 6 28 5 8 12 8 18 31 2 31 30 10 30 18 8 25 0 8 25 0 7 24 16 20 22 20 9 26 20 2 11 16 3 16 11 23 11 7 20 5 11 22 22 16 11 8 17 9 23 12 30 23 19 30 11 8 9 27 2 22 19 19 7 1 12 28 12 13 24 26 15 24 26 16 28 25 25 16 31 31 23 12 12 13 31 10 14 31 18 19 9 16 29 24 9 14 14 27 9 17 6 29 7 27 9 13 3 13 26 8 22 18 21 7 23 12 12 12 31 20 2 18 21 14 30 3 8 14 8 27 15 2 29 20 28 31 11 9 27 5 18 16 8 11 22 7 8 29 3 21 31 3 21 6 3 11 8 14 22 15 30 19 2 1 18 14 31 30 17 11 20 24 19 9 19 30 10 17 4 13 31 6 7 2 7 13 21 26 6 7 4 26 4 12 19 10 18 8 8 22 28 14 0 23 12 3 13 4 22 4 17 23 24 4 14 12 0 13 30 ;
2 26 3 1 6 21 7 22 0 4 16 27 10 13 3 22 0 12 25 20 28 13 31 5 20 24 22 7 26 11 31 24 26 21 18 16 22 1 25 3 18 16 28 22 1 4 12 2 20 12 6 8 9 7 10 2 13 0 28 20 1 22 15 17 26 3 7 16 20 13 2 10 4 28 18 19 27 16 24 25 9 16 4 14 0 0 4 8 24 22 17 5 9 25 26 1 19 31 18 24 0 4 22 21 30 28 21 0 29 31 20 31 3 21 1 22 4 5 22 25 16 26 22 19 11 28 13 14 2 2 9 18 16 15 23 22 16 1 20 20 23 7 26 11 7 0 8 18 12 6 6 7 20 31 13 12 8 24 18 29 15 20 15 3 31 2 30 27 17 26 12 19 28 23 16 15 3 9 0 18 19 28 0 17 20 7 18 30 17 11 4 4 4 8 17 16 19 15 5 18 2 9 12 11 6 24 4 18 22 22 3 15 23 22 25 19 13 17 30 15 14 10 13 7 6 17 29 18 22 2 28 ;
7 22 26 12 30 17 7 0 11 23 23 7 16 23 10 29 7 18 11 20 1 1 21 17 15 30 17 23 2 30 12 16 20 20 3 24 30 14 29 17 25 22 1 25 11 2 24 4 11 26 20 31 23 18 27 28 22 9 2 11 13 8 10 23 26 3 4 17 31 9 13 18 24 27 9 13 1 14 23 30 25 1 28 25 1 3 2 12 23 2 17 24 19 10 24 27 8 12 13 13 10 18 2 7 24 16 3 29 5 13 28 12 19 10 13 22 20 8 27 21 28 16 30 24 29 15 24 4 4 27 25 6 7 4 11 21 14 4 18 6 10 1 5 29 11 19 11 22 8 6 20 26 16 23 6 30 11 5 9 4 18 19 0 20 20 23 7 24 10 27 17 22 31 20 7 9 31 7 15 31 15 1 10 6 26 0 24 24 13 19 28 20 9 31 14 23 15 4 16 13 27 6 15 26 24 18 5 17 31 8 20 16 18 5 11 30 13 3 1 6 16 11 13 20 11 20 2 28 27 28 4 ;
22 21 25 16 21 0 7 0 5 29 29 1 18 21 29 29 25 7 26 27 8 15 14 2 24 31 7 18 19 30 28 2 19 2 19 9 27 4 12 12 15 31 0 28 29 29 8 14 24 0 26 8 2 19 21 10 29 19 31 23 23 4 1 13 14 28 23 20 27 29 24 17 1 17 6 25 30 22 16 5 7 2 20 8 12 28 2 28 6 20 19 26 3 20 16 26 9 20 25 7 16 8 12 17 26 19 1 4 6 1 6 21 1 25 18 5 18 29 4 1 18 6 16 6 4 24 5 17 20 17 17 8 16 19 1 4 10 18 24 10 6 25 6 31 19 10 25 0 13 31 25 10 15 9 15 3 24 23 5 30 17 16 31 16 9 22 1 23 7 0 1 3 1 8 8 2 31 11 27 24 25 9 2 22 28 7 28 11 26 8 28 4 25 26 21 0 14 0 16 26 19 30 28 22 0 9 28 0 11 26 11 4 16 9 15 7 28 27 13 17 16 24 10 8 25 23 0 19 27 14 14 ;
18 16 13 28 20 24 16 28 13 11 14 22 3 21 14 16 25 12 7 20 26 30 6 13 29 12 1 26 3 27 1 29 6 21 5 24 27 20 19 8 23 15 30 10 1 22 0 17 25 7 23 26 25 23 4 25 9 26 10 24 9 4 26 14 15 18 14 7 22 17 28 3 22 14 25 4 3 11 26 6 2 23 14 14 0 16 28 29 2 18 1 12 24 8 29 20 20 22 27 15 19 5 12 4 0 2 4 23 12 10 14 3 7 15 1 18 19 17 29 4 29 30 15 27 19 2 1 28 21 25 27 4 13 6 1 21 21 9 20 18 28 16 20 15 1 26 23 23 29 14 3 23 2 23 16 15 2 19 30 26 2 12 3 13 20 31 2 1 26 30 28 6 23 19 31 12 13 25 6 0 31 21 26 11 21 24 19 11 14 3 12 27 26 31 8 27 26 0 8 14 11 2 11 11 14 31 26 25 5 19 8 11 4 2 29 4 18 31 24 25 5 28 15 8 23 24 4 13 17 10 20 ;
22 7 19 2 14 26 28 9 9 1 29 2 24 20 7 4 23 31 21 20 23 11 1 16 1 16 18 23 9 24 5 24 19 9 21 20 20 3 0 3 31 8 31 22 26 19 17 0 25 9 8 30 1 20 10 22 7 25 7 16 12 12 2 20 31 3 8 30 13 18 21 26 19 12 24 9 12 31 29 11 14 11 7 14 30 17 27 14 31 22 31 0 6 26 21 17 28 26 9 13 21 15 0 11 15 12 12 21 16 22 6 25 31 7 14 3 7 1 13 4 4 29 2 7 29 26 6 6 24 18 17 26 12 7 13 4 24 5 9 31 23 20 15 16 24 3 30 11 17 7 24 0 12 21 21 31 10 24 20 22 22 22 1 17 20 3 20 7 27 7 4 2 5 26 7 25 10 6 22 15 29 0 3 2 26 4 14 30 28 19 12 25 4 31 12 20 28 26 9 13 25 13 22 19 30 3 20 27 10 3 24 30 3 4 6 17 7 14 8 5 4 6 8 26 29 7 16 28 14 11 27 ;
16 19 5 16 27 17 3 10 3 15 3 27 2 9 2 10 15 7 16 7 0 3 11 8 12 6 15 22 9 25 20 9 5 5 15 5 24 15 1 19 20 2 21 13 13 28 6 28 3 23 19 27 2 0 11 24 10 22 19 0 13 15 25 1 11 2 13 6 18 17 6 7 5 11 8 23 6 16 23 31 13 13 30 14 3 4 22 22 16 14 17 15 29 26 14 4 30 31 26 9 19 10 27 7 20 26 25 7 2 8 18 24 28 15 26 26 23 28 19 27 16 6 21 17 5 19 15 6 0 16 4 7 12 18 1 23 5 27 2 9 18 9 16 6 5 28 27 1 11 0 27 10 24 9 30 5 21 12 24 25 28 14 4 17 8 31 0 27 13 20 31 6 8 11 4 21 5 26 3 14 28 30 26 5 20 25 31 4 7 25 1 11 12 4 18 3 14 28 24 22 3 12 12 25 17 30 6 11 1 4 29 29 27 21 20 19 27 29 3 27 31 1 29 26 0 31 9 12 5 14 12 ;
19 10 26 27 5 22 29 12 24 24 10 6 6 0 5 11 4 18 11 0 7 16 1 8 17 5 13 2 28 3 10 2 11 20 7 28 11 3 17 27 22 13 22 8 21 6 26 10 20 26 20 20 29 2 6 31 14 9 23 3 17 22 12 7 22 11 13 28 17 3 10 13 22 17 0 10 8 10 15 25 17 6 26 19 25 14 29 22 11 26 16 24 6 19 0 6 6 24 9 3 4 3 28 24 23 7 24 12 11 26 13 7 7 29 19 23 2 26 17 2 29 4 18 1 10 8 17 18 14 30 9 9 17 2 6 31 8 24 15 26 27 5 4 5 5 22 16 8 12 23 21 13 10 24 5 17 6 29 20 21 0 30 4 24 28 3 16 25 3 1 10 13 18 17 29 14 7 4 19 31 6 30 19 29 18 26 16 7 9 23 11 24 5 11 20 25 21 28 20 29 23 14 27 5 5 24 17 28 17 18 25 13 12 10 20 7 31 15 14 15 18 17 1 27 15 13 14 12 17 24 29 ;
28 26 1 27 12 21 9 12 6 17 20 16 16 17 20 13 23 30 8 29 29 22 23 13 31 22 9 26 30 8 8 29 22 16 9 20 0 18 21 4 20 9 27 28 22 28 16 9 7 28 21 22 14 13 8 13 8 29 12 12 0 22 14 5 8 19 12 5 30 27 11 27 10 14 31 15 25 10 23 3 12 10 4 7 8 17 15 6 11 26 0 2 6 30 6 28 8 14 15 28 14 17 25 16 27 9 31 23 2 17 29 8 27 17 18 26 29 22 20 21 8 17 5 12 30 6 12 11 30 14 30 17 9 12 31 8 31 8 10 5 6 7 10 24 1 26 22 29 10 6 5 4 10 8 24 23 25 4 24 21 26 31 10 18 17 21 24 9 19 28 20 26 26 19 26 11 30 31 12 23 9 1 16 10 15 17 20 30 24 17 11 10 18 26 19 10 28 6 21 9 25 28 13 22 2 15 8 14 15 28 24 27 13 19 15 13 2 2 10 30 13 3 19 17 5 6 7 3 6 10 18 ;
22 22 31 31 12 2 1 0 23 1 1 26 27 16 23 16 4 28 14 21 21 8 28 23 12 15 22 5 23 29 4 27 16 14 9 2 27 14 1 10 9 1 23 8 28 21 26 15 4 30 16 25 28 15 1 20 13 27 27 11 28 5 8 27 24 13 1 7 4 30 8 28 25 20 11 6 6 4 25 16 18 11 11 24 5 28 2 13 2 3 10 10 22 23 18 30 6 25 5 13 26 31 8 10 1 9 2 17 2 13 0 27 31 1 15 5 7 11 11 11 14 16 5 3 7 13 31 29 9 20 2 10 24 23 16 0 5 21 4 6 15 30 9 10 9 15 1 1 31 26 11 23 28 1 14 10 20 23 31 17 8 16 22 31 7 29 11 23 31 16 16 16 5 18 21 6 18 3 7 13 10 21 7 13 30 16 26 30 18 19 26 14 10 2 21 10 6 9 10 27 15 14 31 6 8 26 31 29 28 25 9 9 27 11 28 30 3 17 0 31 14 20 23 12 3 2 14 24 1 20 23 ;
18 14 18 15 7 26 9 25 28 6 25 11 20 30 25 8 26 8 29 20 17 15 31 31 15 15 19 30 0 25 18 6 1 11 20 18 21 14 18 30 25 20 1 21 23 19 4 24 14 20 22 17 16 25 6 26 16 16 3 29 12 7 20 29 9 16 24 20 12 4 29 14 2 13 19 28 8 13 8 4 13 28 26 16 10 16 16 6 19 18 14 1 15 17 26 1 28 18 6 0 25 4 13 12 28 16 4 9 25 30 28 2 28 29 7 9 21 27 22 19 5 10 4 31 8 27 21 15 27 8 16 11 24 18 20 29 11 11 16 29 3 27 24 8 16 15 10 3 25 5 9 8 4 18 9 26 5 30 7 0 11 0 6 12 21 7 25 30 27 18 3 15 2 23 17 7 9 2 0 5 16 8 20 28 30 19 0 30 22 23 22 20 21 20 31 14 0 13 28 12 16 29 27 15 0 15 6 18 3 22 30 18 24 3 10 24 22 19 31 11 10 8 16 7 19 18 28 17 20 15 1 ;
13 25 21 14 12 1 4 24 5 13 2 18 0 17 13 6 16 21 8 14 0 1 9 10 31 23 5 19 25 8 28 25 26 15 6 29 7 23 9 5 31 24 20 4 0 19 6 2 9 31 29 20 0 21 1 27 3 27 3 26 22 15 18 3 16 2 0 18 19 18 2 10 16 23 20 13 27 6 5 29 13 31 9 6 14 10 21 27 4 11 15 10 4 31 19 25 21 28 15 11 23 29 24 3 15 29 16 21 21 29 4 10 20 5 26 4 21 23 30 10 3 13 23 15 21 10 6 21 1 8 16 27 28 6 2 14 19 12 11 13 24 14 26 16 4 18 26 3 22 6 10 31 27 13 18 31 30 29 23 24 10 28 3 11 18 13 3 23 19 8 28 22 26 13 23 4 21 21 30 7 19 5 29 24 11 31 21 7 2 30 6 18 15 24 2 5 6 21 5 19 9 22 21 12 29 5 13 4 23 25 11 15 17 27 16 10 14 29 6 17 20 21 24 3 0 27 5 17 4 12 26 ;
20 10 17 4 24 10 28 8 21 4 22 21 24 27 23 0 7 6 31 25 8 4 20 7 17 21 6 18 10 7 18 21 24 2 11 15 14 27 14 7 12 24 14 3 13 11 18 6 5 17 11 27 27 10 20 0 22 20 5 21 3 21 10 29 1 9 6 14 9 4 17 12 15 30 25 10 0 16 3 16 17 25 17 7 12 19 0 19 28 10 12 4 29 10 4 23 29 25 23 5 22 2 30 2 5 31 27 0 3 18 29 16 28 19 19 4 1 19 17 7 6 20 26 4 24 12 16 16 0 2 7 24 12 17 19 17 6 10 26 22 30 12 26 24 29 10 26 1 31 20 24 19 11 28 9 20 9 29 6 2 6 6 28 22 28 8 28 21 18 10 15 19 29 26 2 19 17 18 14 6 8 2 17 25 5 21 0 26 9 5 12 27 0 25 2 15 1 24 3 18 31 31 2 21 28 19 12 27 22 10 18 17 25 26 7 18 27 3 14 0 8 3 13 22 29 16 1 27 18 0 26 ;
12 3 8 29 12 7 10 1 12 27 19 8 3 17 9 27 25 9 4 15 10 24 11 31 29 22 4 15 23 22 17 0 28 30 31 7 23 28 14 4 19 29 19 31 4 15 16 31 5 0 16 11 15 28 26 13 31 0 28 23 16 17 16 4 22 24 25 3 5 3 20 11 26 9 23 24 18 12 7 17 5 16 30 13 3 15 19 23 15 24 1 26 20 24 31 6 2 7 23 15 31 18 3 4 24 4 6 27 9 29 15 21 1 9 6 7 15 27 30 4 18 15 0 28 18 8 6 21 4 9 4 14 26 29 17 24 18 18 8 0 1 29 9 5 10 1 28 30 11 13 3 21 25 22 15 21 11 8 10 9 23 21 30 4 2 24 3 2 30 27 2 13 8 7 0 7 18 11 20 11 16 11 16 6 2 0 24 16 29 20 22 13 2 11 20 7 19 14 19 28 24 22 7 22 2 24 8 29 19 5 14 20 6 4 13 22 9 23 21 20 31 17 24 24 18 23 2 21 7 14 28 ;
12 3 23 11 22 27 15 17 29 10 26 17 23 14 6 13 7 28 9 2 7 18 14 20 28 16 1 1 0 17 13 17 4 3 25 16 14 12 7 29 7 16 8 10 12 17 3 27 30 8 27 14 24 9 11 0 28 25 8 18 19 12 6 30 21 7 15 12 24 21 2 3 29 15 31 12 4 21 25 18 8 0 6 0 23 10 2 7 25 24 22 6 5 26 25 20 21 8 25 11 1 28 31 16 3 30 0 22 24 6 2 12 21 6 11 16 22 29 8 17 22 29 31 18 24 26 7 27 15 31 23 5 29 30 15 13 25 18 28 29 25 29 0 24 31 12 16 1 16 28 31 14 11 23 13 30 12 0 30 23 8 9 16 15 9 9 11 17 5 28 17 9 22 13 17 19 17 14 21 20 12 10 27 0 17 27 13 21 26 22 20 11 9 29 24 31 3 21 24 6 8 3 24 1 16 19 13 1 3 23 18 15 1 15 26 0 31 17 12 3 7 21 6 24 24 20 1 24 18 24 21 ;
27 25 4 28 29 18 19 30 24 0 22 21 21 0 16 24 8 7 25 26 24 8 24 21 17 4 28 9 9 6 14 28 5 2 29 31 15 11 31 12 31 5 8 25 21 28 0 20 18 23 24 23 27 18 22 4 15 2 29 30 6 4 20 16 2 9 22 23 31 2 12 26 31 13 12 29 19 23 28 31 5 25 7 9 28 25 16 30 16 7 16 24 1 29 11 24 26 17 29 1 21 16 2 2 8 3 7 25 3 16 2 9 11 10 17 1 31 8 11 20 15 8 8 14 5 20 25 7 13 15 24 24 6 21 30 15 2 1 30 26 12 15 4 20 28 18 23 27 26 31 0 14 8 28 9 20 30 24 29 0 24 8 28 4 25 13 2 23 4 3 30 12 12 5 29 3 28 9 15 13 12 15 25 12 14 3 4 21 19 19 1 22 0 24 1 6 17 4 11 19 30 7 11 1 31 29 20 26 6 26 24 3 7 26 5 6 17 4 15 28 12 17 10 26 2 19 22 30 16 11 17 ;
1 10 12 0 19 14 12 24 2 1 14 17 15 14 8 10 2 3 31 9 23 15 31 18 9 6 3 15 10 29 18 1 31 0 27 12 7 0 26 25 13 15 8 10 26 0 5 27 26 24 22 1 25 21 18 30 0 6 15 24 29 27 6 25 28 16 29 2 1 11 4 30 22 20 9 21 4 30 8 22 28 21 28 8 1 24 17 21 23 8 25 7 22 24 20 5 0 23 10 16 6 2 19 15 30 20 21 8 5 8 16 16 27 2 10 13 3 12 14 14 21 1 26 30 8 16 31 12 7 20 13 4 7 26 28 25 9 25 10 24 29 27 15 2 18 15 27 3 29 2 18 2 18 22 18 28 20 2 9 1 28 29 19 31 21 20 14 7 11 26 21 23 27 31 12 20 16 18 28 6 5 17 2 30 7 2 27 20 13 5 14 1 24 8 2 17 11 0 14 25 21 30 21 2 7 7 14 28 10 19 29 18 21 9 23 31 2 20 23 15 30 29 18 4 13 26 24 8 29 16 13 ;
19 29 5 13 16 12 26 18 5 18 13 30 2 0 12 30 1 15 2 3 12 16 13 2 4 19 0 18 8 1 25 5 27 19 3 30 25 25 30 9 13 6 10 19 27 23 16 29 7 11 28 21 22 9 2 27 27 10 25 0 17 5 26 26 4 1 0 14 30 7 14 25 12 29 25 1 24 9 23 14 16 27 31 14 9 30 21 19 1 15 29 19 20 22 0 31 12 1 5 6 26 16 0 16 28 8 2 2 21 1 16 27 5 27 7 3 27 22 23 12 9 26 11 28 29 14 18 1 0 13 23 16 30 29 21 25 0 24 18 21 30 28 16 12 30 4 0 29 0 3 28 22 3 9 31 22 28 23 11 10 25 26 25 6 16 31 23 4 20 13 28 21 19 1 28 16 18 15 4 11 13 22 18 30 22 29 21 16 2 19 26 26 30 26 18 12 7 7 8 19 1 19 22 3 30 0 14 31 15 7 13 15 16 29 11 19 13 13 13 28 3 27 19 28 27 5 13 21 12 21 17 ;
6 16 4 28 7 15 4 4 24 27 30 24 25 28 10 17 13 27 24 22 9 26 2 17 5 19 22 22 15 3 14 24 24 16 5 12 26 9 11 20 3 8 7 10 1 24 29 9 27 8 8 25 16 21 22 24 25 7 17 20 29 14 26 30 27 17 5 15 14 0 31 29 2 9 7 0 3 22 4 31 15 12 2 10 16 10 27 25 0 16 27 25 25 13 23 6 5 3 12 22 14 26 8 16 9 2 6 20 30 8 22 4 20 1 15 5 31 2 22 12 24 23 10 3 8 4 21 3 7 21 25 5 31 22 17 31 13 10 25 31 4 30 21 27 13 20 30 25 8 20 8 31 17 9 23 8 10 18 3 17 30 30 23 8 25 11 10 19 0 27 2 14 17 16 3 28 18 1 10 0 28 12 10 12 31 11 21 8 2 29 18 19 29 16 30 8 12 16 18 31 12 4 2 14 2 28 31 16 6 10 29 12 8 21 16 15 18 28 13 14 29 30 29 9 15 14 18 14 16 2 25 ;
3 22 31 2 30 1 10 24 20 22 9 0 5 9 17 16 6 28 9 5 20 24 11 5 22 12 2 0 14 14 8 5 6 7 1 18 25 1 17 23 7 27 3 10 2 8 9 14 5 9 10 0 4 5 16 18 4 9 6 6 20 16 10 2 10 8 22 0 20 0 7 15 10 27 20 13 18 6 9 19 6 19 26 30 11 22 18 9 17 13 12 7 18 10 17 24 5 9 22 24 31 17 26 16 29 4 19 3 18 21 1 21 0 0 24 17 9 28 1 15 2 7 27 5 17 23 13 16 6 8 8 15 26 23 14 0 23 20 21 2 12 26 25 12 30 21 8 31 29 29 9 25 11 27 6 20 3 17 5 17 13 10 22 11 15 2 0 18 31 16 14 9 6 6 26 0 26 16 12 13 7 19 13 7 14 30 0 14 26 27 31 6 19 9 6 26 0 13 9 12 27 27 0 11 29 13 7 27 4 22 19 1 16 10 0 13 3 28 21 14 7 13 29 9 25 25 26 5 15 9 28 ;
16 14 10 8 13 7 2 26 6 15 20 31 29 17 8 13 4 10 27 9 10 30 29 29 25 14 19 10 5 10 10 29 11 27 6 4 5 12 23 3 29 2 25 20 8 15 24 25 27 9 18 25 17 25 5 26 3 17 27 0 18 25 26 8 31 4 18 26 19 16 20 9 28 29 14 6 24 31 31 28 7 23 20 14 23 5 3 31 14 31 8 14 27 12 2 25 31 8 3 16 20 27 23 16 15 19 19 7 24 24 25 10 12 14 24 9 16 27 26 5 7 9 16 21 15 23 15 5 26 9 21 4 0 21 20 5 18 30 4 7 28 18 23 1 12 3 2 26 3 28 1 5 21 2 19 10 25 1 10 1 21 9 29 4 28 18 20 19 1 19 24 17 3 22 20 17 22 14 4 15 15 9 4 25 24 24 13 13 26 1 28 29 1 21 23 12 4 31 2 9 6 12 13 8 2 19 9 20 21 22 5 21 10 21 11 27 11 9 15 4 4 25 15 6 2 6 23 1 25 30 21 ;
31 15 31 6 21 14 3 23 29 5 5 22 11 27 14 19 8 12 26 26 14 22 17 20 15 16 26 9 2 1 5 26 2 1 7 15 10 15 10 24 31 16 24 29 14 24 25 0 23 23 29 22 18 5 12 5 27 19 12 31 28 21 26 13 26 6 18 8 26 21 23 31 0 24 9 29 20 13 22 8 8 26 5 27 26 27 8 20 27 25 11 2 3 4 17 10 4 26 29 31 19 20 15 16 0 18 1 2 13 11 12 18 12 2 11 11 27 10 16 29 16 29 19 11 31 24 30 7 2 15 13 18 29 6 19 19 7 18 4 13 27 4 28 29 13 11 29 3 13 27 16 15 25 18 29 1 25 5 11 14 13 16 1 24 22 10 2 15 16 3 20 8 14 27 14 20 27 16 5 9 10 0 30 12 22 0 22 2 9 2 17 27 22 17 22 9 17 11 0 21 30 24 3 31 29 29 12 25 18 29 2 23 15 0 16 29 17 18 10 28 24 1 10 8 20 8 30 11 18 14 28 ;
8 15 5 20 20 31 4 7 5 14 5 31 2 17 10 15 14 21 3 15 27 24 29 19 30 13 18 21 11 29 26 2 15 29 25 31 3 7 5 4 27 9 14 1 15 24 26 24 6 18 0 25 15 3 0 24 20 10 16 15 4 19 23 1 16 21 10 23 26 17 31 4 31 0 4 8 22 31 2 9 28 18 3 30 31 26 11 18 0 0 7 30 21 22 3 27 18 20 17 19 10 31 16 26 2 28 25 25 15 28 6 4 8 12 14 7 21 0 6 29 21 11 31 31 5 12 16 15 29 3 18 9 23 8 2 2 31 25 18 19 14 29 31 31 14 27 22 17 30 5 31 12 30 11 7 24 30 8 12 22 5 26 2 26 8 18 5 8 13 1 27 18 11 24 14 22 7 4 15 4 26 9 14 31 17 9 28 26 28 14 6 30 21 20 18 11 31 5 22 22 14 20 19 4 5 31 9 7 5 16 26 15 2 17 12 26 24 26 31 11 31 4 1 7 16 13 12 14 22 15 17 ;
17 22 27 19 23 6 16 10 6 18 10 1 30 30 8 8 18 2 21 31 5 9 2 23 28 28 26 13 0 5 4 19 0 5 20 29 7 17 31 12 11 5 27 23 11 12 14 29 14 26 23 29 17 28 28 5 5 3 10 6 4 2 8 29 0 23 3 25 22 12 18 15 2 10 12 25 25 20 18 25 0 16 5 4 29 28 30 15 22 13 6 2 31 7 9 6 22 17 20 4 26 25 26 0 25 27 11 8 7 20 1 3 7 28 27 17 16 2 25 3 22 11 8 14 0 27 1 7 25 19 21 6 19 23 6 21 5 23 18 18 27 17 6 5 19 9 17 8 7 26 10 3 6 16 11 18 11 3 30 15 14 17 11 5 11 16 26 31 26 21 25 25 17 19 5 8 17 4 28 20 27 29 9 2 27 8 15 3 31 18 9 22 5 19 11 23 8 6 8 27 3 6 9 22 1 16 7 19 31 26 31 16 1 15 5 1 15 27 13 13 11 27 1 18 4 23 30 2 23 25 10 ;
19 29 2 10 28 7 15 29 27 27 15 19 22 8 31 17 5 23 19 13 2 31 13 3 29 1 2 2 19 11 9 1 16 29 15 12 0 17 12 18 26 20 26 27 17 21 18 21 22 15 16 19 26 15 24 0 14 12 13 25 15 1 1 13 29 3 31 21 17 8 19 26 25 13 5 3 26 21 28 18 13 12 13 3 24 16 28 1 14 13 14 5 3 22 19 7 31 1 12 3 23 10 28 13 20 17 5 27 8 10 30 6 19 4 16 10 12 20 25 9 9 24 30 11 4 31 13 17 3 21 11 12 11 11 19 7 27 12 25 10 28 17 5 13 2 27 16 6 11 23 10 28 18 7 0 28 18 18 6 12 12 7 30 13 19 7 30 15 0 11 26 22 5 17 14 17 20 28 7 20 24 26 22 14 15 22 9 14 29 30 12 27 21 23 14 22 18 25 15 29 5 6 12 13 1 5 1 16 22 2 11 21 18 6 14 18 26 30 27 20 0 12 3 1 5 13 31 6 27 20 8 ;
8 26 1 0 15 26 10 21 0 18 7 21 14 3 14 9 23 21 13 9 5 17 21 19 9 7 20 13 8 16 21 19 20 27 30 8 17 31 20 18 1 14 3 20 9 6 14 21 30 22 30 26 1 28 9 4 13 26 5 1 26 14 12 29 20 8 26 9 18 26 23 20 20 6 22 27 29 4 6 14 14 18 13 4 24 29 11 16 22 16 20 21 11 18 9 22 26 30 4 21 12 22 19 18 30 23 8 22 31 22 30 7 13 12 13 19 18 22 4 26 16 28 11 17 6 8 17 30 3 5 29 23 25 12 15 15 24 27 24 14 12 15 23 11 0 16 26 4 31 3 19 27 20 2 20 8 23 8 31 13 19 19 24 28 16 24 22 11 31 10 21 0 7 27 8 1 26 20 28 30 1 3 9 26 8 15 27 18 28 1 22 17 31 7 21 27 23 24 29 3 14 13 10 13 26 21 19 27 27 22 28 10 23 26 19 19 17 30 11 11 6 30 21 26 16 30 17 20 22 25 18 ;
17 13 5 22 6 8 29 27 13 20 1 4 26 29 25 10 7 25 13 11 23 18 28 25 17 26 9 7 1 10 22 17 5 14 4 1 4 6 0 13 16 29 5 18 31 2 7 3 14 11 18 20 15 31 21 20 25 1 27 7 6 25 1 30 25 24 19 11 23 1 23 7 16 0 27 20 20 29 26 13 12 5 2 28 6 13 10 19 26 16 24 11 19 22 30 6 27 31 16 10 22 9 22 1 30 27 14 27 29 29 18 10 5 12 29 14 0 24 18 30 15 22 18 20 7 3 17 8 19 0 6 3 18 13 27 29 19 5 8 5 17 1 12 5 13 24 14 9 24 8 17 22 4 21 27 28 24 10 13 22 31 20 24 19 23 28 4 11 29 25 15 3 9 27 26 21 0 29 18 25 20 22 8 22 0 18 16 21 5 3 27 28 26 22 15 13 23 26 0 16 24 24 26 15 21 15 8 17 26 8 2 21 14 25 0 8 22 26 3 22 0 9 26 28 18 5 5 17 27 6 11 ;
