Galois Field : GF(31)
Number of variables (n) : 20
Number of polynomials (m) : 40
Seed : 1
Order : graded reverse lex order

*********************
26 16 26 17 28 31 11 20 5 7 16 3 6 1 29 28 16 3 25 19 3 15 4 19 28 31 8 27 15 19 1 27 13 24 22 19 24 0 10 30 3 7 7 8 28 18 25 1 17 12 10 26 10 13 15 21 4 24 19 24 14 2 7 25 31 30 10 12 7 26 4 17 24 16 15 17 27 8 22 13 24 7 25 1 3 6 4 3 20 20 18 15 9 2 1 31 24 6 14 13 16 24 7 20 4 7 18 1 6 4 17 28 21 16 13 4 11 31 17 0 3 24 26 20 22 3 17 18 18 26 5 12 16 7 22 29 12 13 17 11 13 10 19 21 3 26 16 27 3 0 29 26 9 20 10 18 20 28 26 6 16 27 13 12 11 9 10 30 17 19 4 11 31 10 24 22 24 17 28 10 18 22 9 1 24 0 6 28 22 30 8 19 21 1 18 25 18 26 12 0 23 7 28 3 16 31 29 0 6 1 31 13 30 13 9 24 14 10 1 20 2 4 28 30 3 28 21 17 3 9 11 ;
2 16 30 30 2 0 14 30 13 12 2 30 26 25 8 21 17 15 26 15 28 14 19 17 18 5 2 12 11 5 26 31 13 19 15 17 28 10 12 2 10 6 30 12 30 12 21 7 31 28 2 19 9 20 21 13 27 19 2 26 17 22 0 8 25 20 10 11 12 22 2 7 14 3 22 6 22 29 12 24 1 9 6 4 22 28 7 4 22 2 4 22 22 14 21 5 19 28 22 7 11 4 15 27 13 9 17 23 17 25 4 11 3 29 6 19 7 27 7 11 12 30 2 4 5 16 11 6 4 19 27 7 1 28 4 28 0 0 9 23 19 30 10 21 4 22 7 16 28 18 20 25 20 25 25 31 22 29 10 12 7 20 27 30 25 6 6 27 4 13 11 16 23 24 11 19 0 21 6 14 7 7 14 21 4 2 17 24 2 1 2 25 11 15 10 10 2 30 2 4 18 3 10 31 10 24 18 19 10 31 27 18 20 7 6 23 18 3 27 25 3 0 16 21 13 3 24 11 5 14 29 ;
5 5 21 26 29 29 4 10 1 31 13 17 16 26 22 14 21 19 4 0 9 13 7 21 7 12 28 17 3 30 22 29 15 28 7 0 9 18 20 29 30 4 11 7 28 19 10 1 14 2 21 4 28 27 9 28 30 23 7 26 19 16 6 23 27 7 3 31 5 23 5 4 9 7 6 30 21 3 29 27 27 31 12 20 13 18 13 29 24 20 18 21 17 14 18 18 28 9 13 5 3 29 25 26 20 14 2 26 24 1 9 3 10 18 23 3 12 6 19 17 23 23 18 30 21 15 18 20 23 13 5 21 11 10 12 7 19 13 21 15 8 17 31 1 24 26 23 5 25 24 14 27 19 25 21 22 23 4 7 23 8 6 25 31 13 10 15 27 22 1 14 2 23 26 5 18 25 16 15 25 7 18 23 23 8 4 18 20 13 7 12 29 4 1 3 30 27 3 4 16 9 18 0 10 13 2 1 5 8 19 29 18 0 16 26 13 17 0 16 20 14 25 6 13 3 25 14 31 18 16 6 ;
21 5 25 10 7 9 29 26 26 20 11 13 15 12 0 13 24 0 3 17 12 13 28 0 6 13 15 30 29 22 16 1 7 2 17 22 5 21 9 15 20 18 0 19 3 2 17 20 26 19 20 8 13 8 8 6 29 12 16 25 26 12 27 0 15 10 3 1 22 1 9 17 15 7 24 5 18 16 13 15 27 20 1 22 18 24 17 23 18 1 11 11 23 28 27 5 24 27 14 13 25 21 3 30 9 14 22 26 28 12 1 4 29 8 23 29 3 1 20 11 22 28 4 13 20 11 19 22 16 31 18 3 31 30 28 1 24 30 4 2 8 13 15 29 14 26 29 1 4 1 31 6 8 31 14 26 29 1 8 27 13 16 8 9 29 7 4 31 24 25 5 27 7 15 13 25 31 26 7 4 14 3 2 1 4 5 29 17 13 18 16 3 16 24 7 18 25 6 31 21 7 18 9 22 21 0 27 11 5 19 24 8 31 21 25 22 19 14 31 8 25 11 26 5 16 10 25 4 17 19 6 ;
5 7 10 11 4 27 13 0 25 21 14 9 0 3 21 9 10 27 27 29 21 31 17 10 8 19 20 5 27 31 11 21 14 5 10 16 29 18 13 27 23 8 0 0 2 20 4 13 16 0 13 2 28 27 15 15 4 16 18 1 30 15 15 8 15 17 28 18 5 16 20 4 12 11 16 28 29 16 20 3 16 31 6 3 28 4 25 9 8 18 2 2 9 27 19 24 13 6 10 2 8 24 1 30 4 29 22 1 13 9 31 1 12 30 5 4 2 0 27 2 5 1 12 31 26 22 9 4 21 25 14 6 11 3 25 30 2 29 0 5 1 7 15 23 11 10 12 11 29 30 2 3 29 11 11 16 17 10 16 26 5 21 4 9 2 20 8 7 16 15 15 1 17 6 17 10 3 15 11 23 3 5 20 6 11 31 27 29 3 24 30 20 31 3 8 11 31 1 6 20 15 6 4 7 26 10 26 2 19 19 9 25 14 24 10 0 27 5 11 19 24 5 1 2 17 12 30 17 13 12 29 ;
30 12 8 19 21 4 0 14 22 19 15 21 1 30 17 23 1 0 20 0 4 25 2 30 10 30 5 6 31 6 5 13 27 27 15 19 1 28 26 24 8 14 22 28 29 31 5 2 1 12 14 3 16 18 8 29 12 5 26 16 1 18 27 30 3 23 8 23 0 4 20 5 16 4 31 10 20 2 24 29 16 10 25 7 4 23 29 9 25 23 23 19 3 29 25 3 10 20 31 1 16 11 26 21 18 26 9 7 18 30 20 14 31 29 18 23 13 13 12 21 13 19 24 15 27 11 10 2 5 19 15 19 14 9 19 14 17 30 11 3 2 24 25 14 15 31 12 7 12 9 18 8 31 8 0 3 31 1 31 15 26 27 23 31 25 12 4 28 16 23 22 16 4 4 15 31 14 25 13 17 28 14 14 25 24 0 7 15 14 20 24 0 22 6 18 14 16 24 22 5 26 10 21 7 26 9 17 6 27 4 24 3 1 9 16 21 8 17 13 27 5 21 17 30 31 12 31 15 3 21 23 ;
2 12 10 2 7 22 0 28 2 20 12 23 25 18 15 17 21 5 4 15 24 31 30 5 19 28 2 15 29 2 24 5 6 16 1 13 29 12 4 30 21 21 7 8 7 6 0 2 13 25 26 4 25 28 9 8 25 2 4 20 14 13 24 27 3 21 24 17 25 1 2 7 26 19 18 15 14 26 4 27 22 1 3 2 13 21 9 13 18 12 22 0 22 20 26 10 8 18 25 20 28 12 2 6 6 24 24 21 15 16 28 25 26 11 12 23 28 0 0 4 11 0 24 16 11 3 21 27 29 14 20 26 3 13 9 7 31 22 16 25 3 28 31 22 21 4 9 9 8 21 9 24 0 20 2 6 11 7 10 3 11 12 20 4 25 0 17 1 27 23 4 13 8 3 8 8 12 3 27 9 28 25 4 14 29 30 24 31 0 13 24 31 6 28 9 28 29 2 7 21 23 22 28 9 3 3 4 1 2 7 8 13 11 12 12 27 21 31 22 2 27 1 12 3 24 28 20 2 14 21 5 ;
23 11 7 11 21 26 23 23 20 17 22 27 27 25 26 0 7 22 30 24 13 17 14 29 29 18 7 27 6 5 20 8 18 29 15 19 26 19 9 30 22 3 14 1 28 22 18 16 25 29 12 4 7 23 13 7 5 15 8 11 9 17 27 0 6 10 15 27 1 15 16 11 16 18 31 6 12 12 16 1 11 2 4 6 24 22 12 18 30 3 11 29 27 12 4 1 27 21 24 21 31 30 27 7 25 3 0 15 23 3 16 28 2 27 27 0 0 19 13 29 1 15 0 9 23 17 11 30 7 29 16 29 6 1 14 19 30 6 31 5 9 17 6 2 20 25 20 28 30 14 26 9 26 23 1 29 4 26 30 24 14 24 23 15 29 1 20 24 25 8 28 7 30 24 4 26 29 25 22 21 26 1 3 25 20 5 24 13 9 3 13 10 31 15 16 0 26 15 2 3 31 14 11 18 3 8 27 5 26 30 14 9 16 27 20 21 5 18 13 13 28 28 1 5 17 7 23 17 27 7 17 ;
7 23 6 22 18 5 23 11 2 29 6 5 10 7 20 25 4 20 1 0 2 31 14 4 3 28 26 7 26 27 18 31 10 25 8 24 10 27 27 25 25 20 0 31 22 2 17 1 18 10 29 0 14 4 22 18 0 16 8 31 11 20 25 8 26 16 22 11 10 25 30 23 17 7 13 24 31 21 11 1 2 22 14 8 22 1 13 12 12 11 18 5 15 15 10 19 5 23 5 13 15 28 22 31 19 30 30 3 28 11 14 26 28 2 8 19 28 28 18 3 13 2 20 12 14 27 23 3 21 8 29 1 23 2 28 17 1 10 0 9 24 16 22 10 30 8 18 15 20 6 28 22 22 30 9 1 18 17 9 15 15 22 31 3 13 24 21 16 22 28 31 1 2 6 25 14 3 13 3 31 2 10 20 4 21 16 29 9 13 14 18 9 23 3 9 23 30 30 31 12 17 25 15 7 19 29 24 2 3 12 15 25 21 24 20 2 15 13 4 24 24 27 7 9 20 23 7 8 27 21 28 ;
14 26 11 28 6 11 9 27 1 12 29 4 28 2 20 1 9 22 20 4 1 29 30 4 17 31 2 17 26 19 14 27 23 24 18 26 20 28 30 12 30 3 13 1 26 20 7 15 5 26 5 18 12 4 2 7 17 4 23 23 1 17 26 27 12 10 30 26 29 15 30 23 0 4 4 5 27 27 6 9 21 21 11 26 15 27 6 17 13 6 12 15 0 14 8 22 16 0 2 17 7 13 15 16 24 27 20 23 4 3 26 8 23 26 23 15 13 0 30 16 24 12 9 24 0 26 28 25 17 8 28 28 12 5 24 19 17 12 22 31 9 13 3 6 7 28 2 29 25 15 28 10 2 4 20 3 28 17 13 12 24 31 18 27 25 29 14 4 7 5 17 16 20 13 2 3 2 8 20 4 12 29 23 4 26 8 16 25 5 0 13 15 8 31 29 3 20 29 7 15 13 8 16 4 10 2 26 21 5 17 28 24 19 25 24 29 29 29 19 26 12 24 15 25 1 23 16 31 0 6 12 ;
11 11 31 21 14 10 6 30 20 10 21 12 24 10 20 27 3 8 2 8 15 30 5 21 12 28 8 10 11 27 8 5 24 28 12 11 2 28 20 7 14 5 8 29 13 27 2 29 19 14 22 9 11 7 4 19 26 4 4 16 4 24 21 25 17 29 5 21 17 24 7 2 10 1 16 11 0 2 2 1 4 30 27 8 1 0 20 5 27 15 5 18 7 31 11 4 4 28 28 27 14 25 24 23 15 22 22 8 11 25 21 8 22 16 4 6 0 25 26 21 16 2 21 1 29 8 28 19 14 11 16 5 1 10 1 2 11 28 7 12 26 7 18 6 24 23 28 19 21 13 18 18 24 15 20 26 19 21 3 13 27 4 29 6 29 8 2 2 29 3 19 25 31 26 19 16 27 31 31 11 16 23 4 8 0 15 27 9 13 22 18 5 17 14 31 11 5 15 14 11 5 0 4 24 16 13 3 9 6 25 17 13 10 9 21 15 26 28 15 12 22 26 19 17 3 24 24 21 29 29 28 ;
24 8 14 31 15 4 6 2 20 5 4 18 17 5 16 6 2 25 1 30 19 11 15 19 19 5 12 25 26 26 7 11 29 9 9 28 18 3 21 25 14 9 31 19 4 16 13 7 0 6 11 7 28 22 15 7 3 7 26 15 23 28 13 8 5 5 17 30 24 10 23 0 1 30 10 6 19 4 21 10 27 10 18 1 25 15 25 11 28 31 1 30 14 2 14 24 15 29 6 8 21 11 21 17 1 11 25 24 4 28 29 28 11 31 31 6 14 0 25 7 9 17 9 22 12 30 19 31 17 12 0 6 9 20 13 11 1 27 17 24 15 25 29 11 30 6 11 2 1 30 23 9 6 15 7 29 4 19 2 1 12 21 30 29 14 14 13 2 14 23 15 21 28 3 0 18 25 23 22 18 27 8 5 5 5 20 11 31 20 29 11 9 18 30 7 16 5 28 15 0 19 27 16 24 6 0 13 26 16 16 23 8 17 23 8 15 24 16 22 4 11 27 17 5 13 8 22 29 20 4 6 ;
7 20 16 4 1 1 12 24 17 13 8 5 6 30 17 11 29 22 31 18 6 4 8 8 7 25 27 24 22 1 9 13 7 31 4 8 11 0 20 12 21 31 11 14 18 30 31 17 2 5 25 14 26 23 2 19 18 16 26 6 8 24 29 1 2 15 29 15 18 2 25 2 0 13 25 21 18 19 9 25 15 6 9 3 12 16 23 7 19 22 29 20 26 26 17 8 20 27 15 21 9 5 28 0 13 28 10 26 4 28 25 5 4 9 20 25 22 20 11 12 31 26 18 31 5 10 17 16 3 9 9 27 14 31 26 23 15 24 23 12 9 12 15 19 29 11 2 7 1 30 0 10 8 26 0 2 27 29 2 29 18 1 5 29 7 15 28 13 21 27 14 8 2 29 15 2 2 25 18 5 18 30 8 30 18 21 25 22 20 15 5 7 13 6 0 5 6 14 18 21 24 7 26 2 7 15 29 21 25 5 9 9 25 14 19 7 9 8 25 15 23 23 12 20 18 20 7 9 27 25 27 ;
0 4 1 24 25 28 26 28 4 24 5 6 14 27 25 9 6 1 1 28 17 28 12 21 11 16 4 10 14 6 6 20 22 17 24 11 1 24 12 2 10 9 28 7 22 19 30 18 29 12 25 16 7 13 4 19 31 4 13 3 11 11 0 25 27 15 28 31 13 5 22 3 29 8 23 27 31 23 18 19 1 7 1 27 21 5 13 11 31 1 27 5 5 24 29 24 12 19 6 12 2 27 26 9 24 21 30 11 22 3 27 0 23 19 3 20 19 27 21 5 4 22 15 4 30 30 5 30 6 25 23 29 1 6 26 30 17 15 23 1 31 15 5 23 6 18 30 16 29 0 7 30 14 14 6 18 31 18 23 0 10 8 2 20 5 23 4 15 7 7 13 18 28 24 13 24 19 27 10 1 3 4 16 13 26 6 8 0 16 30 28 28 30 3 17 16 19 20 16 21 27 4 4 25 4 20 11 27 27 29 14 23 23 8 10 22 26 13 6 2 9 16 13 20 30 31 9 19 30 1 28 ;
15 28 17 26 0 10 2 0 12 30 27 30 15 24 29 3 26 0 26 6 4 19 5 26 27 14 28 11 5 22 5 19 12 18 5 18 6 4 11 8 30 8 8 13 9 23 25 26 12 12 23 27 6 23 7 30 29 26 23 12 1 15 30 3 19 28 31 16 9 9 16 2 22 7 19 1 24 19 25 8 25 26 1 20 29 10 20 5 13 23 31 5 5 31 28 16 16 29 2 26 15 12 24 26 19 13 15 15 3 18 11 29 9 25 13 17 15 12 20 21 11 25 9 7 23 12 17 18 5 31 12 0 19 29 22 1 22 13 27 11 4 22 26 15 12 22 27 18 23 30 4 21 26 25 2 0 8 17 20 21 27 15 23 4 28 2 27 1 14 18 3 4 31 6 5 10 0 3 3 25 21 22 14 3 23 19 5 5 26 9 1 14 1 10 14 25 22 26 10 6 3 17 13 5 15 10 19 5 31 21 18 2 26 23 4 1 6 13 22 17 5 9 1 26 1 24 27 14 16 28 8 ;
0 0 27 31 24 8 19 27 21 11 1 1 3 9 14 9 1 3 1 28 10 14 10 16 13 9 12 6 3 21 22 18 10 14 19 3 8 11 25 29 15 28 27 19 17 25 19 23 25 10 20 22 23 19 2 25 9 7 21 30 25 4 5 29 5 8 11 3 14 27 13 9 21 8 2 15 13 8 15 26 0 11 15 26 10 18 22 6 16 14 6 10 6 31 24 9 15 10 31 8 12 8 31 26 13 14 2 15 4 14 14 9 5 19 25 16 3 17 17 10 6 22 29 19 6 30 18 14 29 0 19 16 13 7 29 23 3 3 22 3 21 7 8 25 28 23 14 12 13 27 9 29 13 13 11 0 22 17 4 14 24 5 9 21 9 24 25 30 29 23 12 24 20 29 30 10 12 22 15 25 7 19 4 5 22 10 7 23 6 4 30 2 26 19 27 22 7 10 19 29 0 11 4 5 31 23 1 7 14 26 3 11 16 29 17 22 3 26 7 12 19 0 8 16 22 19 10 3 12 20 26 ;
10 15 13 16 0 18 22 26 25 27 6 29 13 25 1 0 10 13 9 26 27 20 8 7 7 18 14 5 15 31 7 20 8 25 18 3 6 28 29 10 26 11 8 2 27 26 12 16 25 19 26 0 15 19 12 8 16 30 30 7 13 16 0 0 25 26 11 3 22 15 0 24 13 11 13 28 20 13 17 27 20 7 15 3 7 21 29 23 25 22 24 2 9 18 5 28 21 3 1 2 1 7 11 3 27 21 27 2 6 5 30 22 11 22 9 4 15 27 6 9 8 2 3 21 14 13 26 20 26 21 11 23 10 12 12 4 15 13 15 26 4 7 15 10 23 26 17 29 16 10 22 29 29 7 12 25 18 8 7 3 0 11 28 17 6 10 18 23 25 0 10 13 17 21 22 20 8 21 0 26 29 24 8 12 11 31 7 27 16 13 3 9 18 16 12 8 6 6 2 15 31 6 15 16 24 25 5 17 29 20 19 6 14 27 11 15 27 17 23 17 28 0 20 16 8 24 16 15 16 3 16 ;
7 29 15 24 20 5 29 21 12 15 13 8 4 20 19 15 26 27 17 14 4 1 23 8 15 15 2 25 31 13 11 13 10 4 18 7 22 6 22 1 25 6 25 0 15 11 14 31 20 2 8 27 8 23 3 28 3 24 13 21 9 18 13 10 6 0 18 8 9 22 6 18 1 6 0 13 31 29 2 2 20 28 6 2 12 2 30 6 17 22 27 8 30 29 27 31 4 12 20 7 17 26 13 5 15 9 27 18 22 31 16 3 4 30 18 17 3 6 19 11 23 13 10 12 13 19 19 8 31 30 14 28 25 11 23 18 3 20 3 12 30 22 26 26 25 16 18 16 17 18 0 26 12 4 14 17 23 28 31 15 8 20 31 0 20 20 2 8 2 5 21 22 16 0 1 9 23 23 7 26 3 8 1 23 14 3 9 27 13 21 1 10 11 12 5 6 15 16 17 2 29 4 18 9 15 23 15 13 0 13 1 23 30 20 12 30 5 12 27 5 0 2 10 5 13 9 3 16 25 15 3 ;
23 6 2 19 2 13 11 29 6 24 7 31 17 30 22 22 29 12 27 12 31 30 24 25 4 15 4 12 7 15 29 10 19 16 29 11 20 1 1 3 1 12 8 7 16 10 21 15 27 31 2 30 26 10 18 21 25 25 11 16 7 4 10 20 29 8 19 7 7 5 22 29 17 30 13 2 16 6 26 22 20 2 4 5 19 22 23 3 23 12 20 22 17 24 16 8 1 9 27 8 5 23 10 22 12 5 23 3 26 8 6 8 31 31 1 13 16 10 23 18 20 20 16 24 5 2 29 23 31 14 24 20 5 18 8 13 16 7 28 30 23 4 15 23 17 19 16 26 8 2 15 31 21 15 31 18 18 7 10 28 8 8 24 10 17 20 15 25 17 3 26 17 17 22 24 26 20 1 25 30 9 11 6 23 18 14 28 7 0 21 28 18 1 27 26 22 20 6 21 21 12 13 11 2 26 10 5 23 19 20 8 3 26 8 14 14 9 27 27 1 26 16 30 23 8 26 4 12 14 20 27 ;
23 13 13 14 7 16 9 23 2 16 28 5 20 15 19 26 10 13 21 0 1 2 1 15 22 1 23 31 1 14 18 7 3 4 12 31 16 24 11 19 19 25 13 25 1 25 17 5 15 14 0 17 28 5 20 3 2 2 13 11 19 25 9 23 17 30 15 7 5 3 16 17 14 23 7 27 10 4 17 27 14 3 31 10 1 3 12 14 28 28 4 25 19 12 2 5 16 5 10 6 20 8 13 16 16 0 18 9 2 27 24 8 0 12 26 15 19 21 27 8 27 9 18 29 28 21 23 23 15 13 26 11 9 0 3 15 6 10 1 14 21 24 19 31 14 28 31 26 10 23 26 13 30 15 26 1 17 29 29 31 17 22 12 12 26 10 9 4 19 21 1 14 2 21 5 20 16 30 22 15 20 7 21 23 27 22 27 4 6 19 24 18 20 11 25 7 13 0 21 2 13 6 2 14 12 6 23 28 20 8 4 30 28 17 17 19 8 31 9 8 19 6 16 5 12 13 13 19 2 26 6 ;
4 26 5 27 7 26 20 12 22 1 10 22 24 11 10 31 7 27 31 17 8 8 5 13 4 31 24 20 15 23 25 7 14 26 20 30 2 4 28 5 3 7 31 1 29 7 15 23 20 17 14 21 31 26 13 15 22 22 24 8 11 27 14 17 11 11 0 31 31 18 20 30 2 22 27 25 8 19 15 0 14 26 28 7 20 2 30 30 6 28 6 16 16 0 27 12 25 19 9 8 3 20 21 20 28 8 6 23 28 11 10 25 8 18 25 26 18 31 5 24 26 29 31 29 10 3 24 10 1 12 0 14 1 22 18 26 7 31 19 4 29 10 24 21 13 2 13 1 12 12 29 20 27 22 20 31 20 2 30 15 13 14 5 7 17 11 1 17 7 5 14 20 28 7 10 8 22 12 16 16 12 15 26 13 8 4 13 12 2 9 18 27 17 0 26 9 30 16 5 19 9 14 4 17 10 2 29 20 28 31 13 14 2 28 1 7 22 10 15 6 30 13 23 11 30 10 6 10 20 18 3 ;
25 28 4 9 24 11 6 23 6 3 6 28 0 16 8 17 25 0 16 29 15 29 29 7 23 17 2 12 19 29 20 15 7 27 29 27 4 3 0 14 6 12 20 28 1 24 30 5 11 11 30 9 13 15 1 19 8 25 27 6 11 21 11 15 18 5 23 21 24 10 14 15 20 10 27 26 29 31 13 0 3 10 7 8 8 21 26 20 9 5 30 29 3 30 29 13 20 14 1 26 7 10 7 13 28 23 6 3 20 26 1 31 17 1 5 10 31 5 12 25 18 17 21 7 31 31 1 5 30 16 25 17 14 6 29 0 25 5 1 25 5 9 4 10 7 10 19 26 8 16 22 9 31 0 9 1 19 28 30 0 12 12 23 2 12 22 2 22 16 11 2 18 25 24 4 25 22 11 30 24 5 5 24 31 4 0 14 4 17 15 13 5 24 11 13 8 17 25 24 11 0 9 27 20 1 28 21 1 17 23 5 28 27 23 23 9 17 29 19 24 17 28 23 12 20 22 7 22 22 7 8 ;
31 19 10 4 28 22 11 22 3 1 4 15 21 3 6 12 1 1 16 3 25 16 8 5 16 29 30 12 15 26 2 26 14 10 0 11 10 21 25 20 7 16 13 23 11 15 3 16 19 27 30 7 4 31 16 3 12 12 24 1 0 12 14 28 15 16 7 27 3 27 29 13 17 30 29 4 6 22 27 25 8 6 19 10 17 14 31 29 28 28 31 6 5 11 28 6 20 9 5 23 31 13 19 19 27 14 9 10 6 4 21 3 24 27 1 26 24 19 17 19 28 10 19 9 20 15 14 31 11 15 6 0 27 21 30 22 22 23 22 2 13 9 13 23 13 8 7 4 12 6 1 12 15 4 15 27 12 28 0 26 6 30 6 28 25 1 30 4 8 0 25 10 20 1 16 17 5 27 13 28 17 12 28 1 4 23 5 8 0 28 11 27 14 3 3 7 29 18 6 5 3 5 8 25 1 15 27 12 12 8 23 28 8 1 19 3 7 8 25 22 22 27 16 12 18 21 29 4 3 0 9 ;
27 24 26 9 20 31 27 31 20 14 13 25 21 12 4 28 25 17 15 24 16 29 7 13 19 10 10 12 23 27 7 20 13 12 18 16 27 5 20 6 11 15 28 15 2 21 29 2 7 3 26 9 22 28 19 31 26 2 5 11 4 29 28 25 6 28 3 21 7 22 12 9 7 2 18 0 6 15 1 22 26 10 14 1 0 20 20 3 21 13 9 23 2 20 25 20 19 30 18 19 22 2 2 13 8 29 1 23 24 8 21 15 9 31 7 29 24 20 21 15 31 20 9 22 29 26 30 25 11 3 0 28 5 4 14 31 22 5 19 30 10 17 14 19 14 8 8 3 19 21 26 20 8 4 9 17 2 25 15 3 15 8 14 5 19 29 14 23 1 31 2 1 12 23 4 30 4 2 17 27 15 14 0 10 24 24 20 0 12 18 15 10 23 5 2 7 2 31 4 16 30 23 8 4 2 5 11 6 29 24 15 17 25 4 2 18 29 29 28 14 9 11 24 12 20 31 23 5 20 21 30 ;
11 6 27 23 10 11 16 9 17 19 23 4 11 24 4 30 13 2 2 31 22 5 28 23 25 0 9 1 13 24 22 26 19 31 12 4 19 20 14 15 24 5 28 31 30 10 21 16 25 20 19 16 5 30 24 18 28 11 24 13 23 19 1 28 30 21 3 19 10 27 8 22 5 1 14 15 3 4 29 17 20 9 25 0 6 27 23 18 16 31 12 7 3 8 10 7 19 10 2 4 16 23 20 2 0 17 20 1 12 11 29 3 15 21 24 4 19 6 11 29 0 2 16 25 26 6 6 21 8 18 20 16 23 11 1 2 20 21 1 25 10 6 10 28 23 10 8 29 18 0 19 26 27 25 2 17 15 26 16 14 27 17 15 1 5 0 21 6 0 21 28 1 0 11 13 21 10 24 31 2 4 25 21 24 27 18 28 6 3 19 11 6 7 8 16 22 23 17 20 17 16 14 14 24 18 4 8 29 21 16 9 28 12 10 12 4 0 10 1 1 18 30 19 11 11 3 21 20 31 29 15 ;
22 13 20 17 13 8 25 27 5 20 0 28 10 14 8 21 9 23 8 28 13 7 12 29 13 16 18 19 8 31 6 30 29 20 30 12 5 30 30 18 4 5 20 14 7 8 7 17 8 10 3 12 9 15 18 28 3 18 11 9 27 1 31 2 7 7 9 28 6 31 9 22 1 11 4 13 25 31 30 21 6 9 0 8 3 15 7 31 14 24 17 16 5 26 0 27 10 19 27 30 11 23 12 2 27 21 5 3 27 6 15 16 27 10 0 20 31 31 5 17 26 21 22 7 22 27 0 13 21 3 13 30 14 31 0 11 29 15 18 1 18 28 2 0 18 15 21 10 14 30 16 29 1 7 15 9 13 29 4 22 29 15 15 0 19 22 13 30 22 20 17 19 10 31 4 6 20 21 5 8 21 17 6 15 15 13 29 7 0 24 28 28 29 25 17 13 29 17 12 11 16 25 24 19 15 30 15 4 15 31 21 0 19 6 3 23 17 10 10 13 22 8 5 23 6 9 0 3 17 30 24 ;
1 26 30 12 24 1 3 28 31 20 0 17 2 17 25 1 28 12 25 13 3 25 10 7 0 14 0 17 21 25 18 26 17 24 5 16 22 29 10 28 27 10 30 2 4 28 11 16 12 22 16 5 4 26 5 9 3 10 25 18 12 1 30 5 1 14 14 14 12 12 20 18 4 23 19 8 0 27 7 6 2 11 24 14 23 25 4 19 9 3 28 2 30 27 28 18 19 15 31 20 18 10 9 17 16 18 24 23 20 4 29 3 5 27 25 22 13 27 5 29 21 28 17 18 17 12 12 1 27 1 1 28 26 26 18 1 19 15 29 12 21 15 10 0 16 15 2 8 10 18 19 3 15 17 22 28 16 17 13 10 22 26 20 14 21 24 7 13 27 19 18 0 9 13 12 0 22 2 31 31 2 6 8 19 24 19 20 20 16 4 6 30 7 18 28 13 9 16 0 12 30 17 7 29 28 25 6 13 24 23 7 29 3 21 28 8 11 31 4 21 0 16 23 18 11 21 30 31 2 22 24 ;
6 23 18 11 20 4 11 25 15 30 22 31 23 21 16 0 4 8 31 6 25 21 10 0 9 14 8 6 22 26 23 28 16 13 7 9 20 26 12 19 29 10 12 19 3 12 28 27 15 29 1 22 9 3 2 16 27 30 19 20 30 30 25 28 0 10 20 20 7 13 24 20 21 2 22 26 30 24 30 20 7 1 30 29 5 14 24 31 21 29 14 26 23 11 2 23 30 16 25 3 15 2 14 6 15 10 14 11 9 4 1 6 15 23 1 27 11 29 20 21 14 17 16 15 19 20 4 7 13 14 22 5 3 17 31 10 3 15 13 21 25 7 19 17 31 1 26 20 12 27 25 30 30 31 14 16 24 27 15 19 4 2 5 9 29 18 0 5 24 18 4 28 15 11 30 15 15 0 22 19 13 25 15 17 7 18 12 25 21 18 26 4 30 31 27 17 31 26 15 9 31 17 5 12 30 17 5 11 19 6 8 14 16 1 20 26 30 5 6 6 29 12 19 1 19 18 18 27 5 31 19 ;
4 16 3 16 31 30 13 4 5 6 16 2 29 9 0 3 13 20 13 25 5 8 21 27 9 0 23 14 8 27 14 4 0 9 31 18 21 19 14 6 26 31 9 28 8 27 20 27 29 15 0 14 15 22 9 17 15 23 10 23 5 19 2 30 16 13 17 6 21 15 6 26 7 7 28 7 2 5 29 4 15 20 18 13 19 3 14 6 19 2 5 9 13 17 8 20 22 23 19 16 28 7 22 11 28 21 17 21 16 9 20 8 26 11 0 24 1 7 22 15 8 17 0 3 17 16 3 19 14 27 13 11 8 20 14 1 23 28 11 29 24 8 16 19 3 15 27 3 30 31 16 7 30 2 0 4 20 20 6 31 19 21 5 4 31 1 8 20 3 21 23 3 23 15 0 9 7 13 0 13 26 6 19 13 28 29 27 5 20 23 9 5 26 17 27 29 5 9 21 30 16 18 23 10 17 7 3 16 27 25 8 27 9 10 25 2 7 5 19 23 0 20 25 28 16 19 10 10 30 20 17 ;
18 30 12 26 6 1 18 20 25 20 8 8 12 2 24 22 7 6 13 28 12 18 15 2 13 27 22 23 9 23 7 6 28 6 29 1 15 16 24 8 10 17 30 16 2 1 22 9 10 22 24 11 15 7 17 21 5 1 2 19 27 29 9 15 2 5 23 9 2 20 1 9 29 5 3 6 3 20 29 23 3 0 21 21 15 31 26 8 4 14 3 29 12 16 8 24 28 25 16 10 2 27 1 27 14 30 3 19 23 30 16 29 31 11 26 24 21 31 26 16 9 7 11 8 4 28 5 16 13 27 8 23 3 26 19 27 15 30 16 9 5 24 20 28 3 26 5 8 1 29 13 6 20 15 15 30 23 20 5 30 28 4 15 30 9 4 29 1 23 6 3 16 15 17 21 29 3 19 31 5 0 15 15 19 7 16 0 14 1 22 29 23 14 28 22 21 17 20 31 27 1 2 0 3 5 15 20 23 8 20 22 13 3 30 4 15 28 25 31 9 12 8 28 4 26 19 10 9 0 14 8 ;
14 26 16 20 18 14 7 17 7 19 19 22 26 4 12 26 1 4 7 25 11 22 23 12 3 21 31 6 22 15 3 24 29 16 31 22 16 24 1 4 12 28 20 12 22 11 13 17 16 11 14 11 23 31 4 12 5 6 15 31 18 25 4 15 25 27 18 4 20 7 17 20 29 9 9 20 18 23 16 19 15 29 14 14 22 13 1 0 30 16 10 29 14 9 11 31 26 23 7 20 13 20 28 23 30 30 30 9 21 22 3 8 30 9 3 14 1 2 8 3 6 17 17 4 24 18 6 4 24 12 9 15 16 13 1 24 15 21 14 19 21 17 14 0 24 18 15 22 2 18 20 11 18 20 11 19 17 11 13 24 16 11 4 11 14 4 31 11 18 24 9 1 21 19 23 0 23 31 0 25 17 27 16 15 29 31 10 11 25 24 7 23 9 5 17 8 15 18 0 26 17 19 30 14 16 20 25 28 25 1 3 27 21 21 18 26 17 8 1 21 14 3 13 3 23 14 12 26 22 21 26 ;
4 7 7 17 17 29 27 1 25 21 20 11 5 11 13 13 9 28 8 21 15 14 1 20 26 3 19 24 29 19 7 0 20 3 16 1 17 21 27 30 12 15 7 22 10 5 19 2 23 24 24 22 4 8 29 5 1 28 26 8 17 27 24 3 6 17 17 27 8 25 22 0 16 30 9 5 22 14 11 2 16 4 16 26 5 11 16 29 12 6 24 24 25 28 13 23 15 1 2 1 1 26 15 13 9 8 23 3 9 11 17 10 1 31 20 28 27 10 29 27 25 3 6 27 5 19 31 24 31 29 23 5 31 11 26 22 12 3 15 13 22 22 11 25 18 23 18 21 20 11 15 14 18 30 24 6 17 0 17 2 17 6 2 12 2 18 4 8 12 1 12 2 11 11 12 5 22 13 2 16 5 27 19 19 31 11 3 22 22 29 0 26 4 27 18 23 20 27 23 27 21 10 18 0 5 3 31 18 18 25 2 8 6 29 29 30 1 11 14 22 5 18 22 30 10 6 2 4 17 13 23 ;
6 1 30 26 20 29 7 29 31 20 8 18 28 1 20 31 3 12 26 12 18 6 30 22 15 14 22 23 25 11 13 20 16 24 6 24 19 5 7 15 31 9 9 14 5 30 30 29 25 23 13 14 30 9 31 10 0 14 6 9 13 3 7 18 1 29 29 6 1 9 4 0 30 4 23 31 3 13 29 26 5 10 5 30 14 1 7 27 13 26 31 19 6 20 23 7 13 3 25 15 1 14 14 3 27 3 22 23 28 5 5 10 15 24 25 17 28 30 29 8 0 19 22 26 15 1 11 8 25 9 16 16 26 29 11 24 3 30 5 26 22 16 31 27 27 0 12 4 8 17 26 8 9 7 9 22 0 11 17 10 8 18 14 28 12 30 22 28 19 18 13 31 17 14 22 31 24 3 13 8 2 26 23 21 17 10 15 0 25 20 14 9 20 31 17 6 20 4 15 30 27 10 30 10 8 28 14 11 18 28 13 31 15 13 1 29 20 21 27 18 20 3 20 22 29 0 24 14 13 25 25 ;
22 27 31 23 25 27 16 21 15 25 15 31 1 17 18 24 17 27 8 19 14 26 12 14 4 11 15 30 30 23 6 5 26 24 3 30 25 4 25 16 17 27 13 0 13 4 24 25 21 5 24 30 13 3 22 2 30 28 13 25 20 5 18 16 17 2 6 11 3 17 0 1 9 0 20 0 27 4 18 3 30 1 20 6 30 7 13 23 2 24 13 13 3 26 25 23 3 17 0 2 27 8 10 16 28 31 28 26 7 20 26 4 7 29 22 11 23 3 8 1 19 8 14 20 2 3 18 22 0 7 11 27 4 15 17 2 21 14 26 30 26 11 2 6 8 3 30 17 11 24 16 14 19 11 26 4 20 14 20 6 9 23 30 8 15 0 29 23 22 20 11 30 25 14 28 11 28 12 13 7 10 7 11 3 16 23 27 29 16 11 2 11 11 26 21 2 13 14 0 14 30 10 14 3 12 21 4 14 8 16 10 6 6 5 13 24 25 13 1 24 10 13 11 17 28 9 2 21 3 3 25 ;
17 10 31 14 6 11 29 12 8 20 22 26 4 2 13 10 28 7 8 9 21 11 28 25 17 4 2 8 28 1 9 28 26 26 17 23 16 2 9 30 28 3 9 23 16 0 10 8 6 19 24 25 8 31 11 12 7 10 19 5 17 14 30 10 13 11 12 3 29 6 8 25 27 22 29 23 12 0 11 16 4 5 11 23 8 3 23 3 17 10 15 16 0 4 21 30 23 21 6 20 27 6 14 5 27 21 23 27 21 12 3 11 3 21 14 10 22 2 8 2 5 16 31 12 2 14 27 24 4 17 22 4 17 21 10 10 23 16 29 29 28 17 9 17 23 26 10 1 7 5 15 10 7 29 5 9 0 27 28 11 10 27 24 6 28 14 22 26 19 3 0 13 27 16 25 19 12 1 3 17 16 22 26 10 28 30 14 29 5 0 14 7 23 31 4 24 28 28 12 17 3 4 27 6 14 5 18 20 31 1 28 9 21 8 23 4 25 22 29 23 10 11 28 3 27 20 21 24 0 16 27 ;
3 13 30 17 19 8 25 19 14 5 12 2 22 22 22 20 19 17 17 24 13 17 16 30 14 14 24 23 12 7 27 8 29 0 13 17 14 1 28 28 2 6 23 24 1 11 25 18 25 4 21 3 25 2 26 20 20 23 0 4 23 6 21 10 8 1 2 17 29 19 8 14 23 10 23 4 27 28 27 17 0 3 17 13 30 23 5 20 30 14 0 2 1 19 0 28 31 0 28 19 22 3 7 1 29 9 27 3 1 12 10 26 18 22 13 1 28 29 3 4 24 9 17 21 21 29 5 30 11 16 22 31 0 16 3 28 9 10 23 25 3 3 25 9 30 10 2 17 26 25 29 30 2 28 25 12 4 4 28 24 16 2 7 30 13 14 20 25 0 23 31 0 11 30 9 1 9 11 18 19 8 25 10 30 24 13 29 31 23 7 17 11 8 19 25 3 18 31 9 19 10 21 19 6 15 17 28 20 5 1 4 31 25 14 12 19 23 26 9 30 17 23 2 12 22 18 14 11 5 4 14 ;
19 18 22 29 23 17 17 3 2 3 24 19 28 13 21 16 16 14 20 3 20 1 15 18 29 22 15 19 15 4 13 25 27 10 29 29 10 16 12 19 18 30 16 10 2 19 15 8 30 19 16 3 24 6 22 3 31 0 24 23 22 30 31 21 25 13 1 23 1 7 1 31 4 8 28 8 4 26 24 18 31 0 21 1 2 25 9 3 15 2 8 26 21 25 6 10 21 20 18 14 15 24 0 2 0 24 27 14 3 8 17 31 15 4 18 10 25 1 9 23 7 28 25 12 17 25 19 4 22 8 29 6 10 8 30 31 16 22 11 16 26 18 31 8 8 13 24 17 18 22 21 28 15 23 24 7 21 4 26 7 30 8 5 28 6 27 25 24 5 23 6 13 10 17 5 2 22 31 2 7 23 2 9 4 5 19 3 3 25 24 23 2 17 28 15 10 25 18 24 30 0 29 7 11 4 23 3 2 10 13 13 8 7 15 21 7 9 23 16 6 1 19 18 27 3 26 21 1 15 1 3 ;
1 16 14 16 21 31 26 8 0 27 2 19 14 8 18 16 22 14 13 2 3 19 4 11 6 21 26 18 21 27 0 7 6 10 1 3 12 20 2 26 11 22 28 4 30 27 28 23 12 25 22 30 7 12 31 12 17 18 16 19 29 4 24 22 23 11 8 11 13 14 16 20 13 27 7 29 9 10 9 2 19 19 3 14 2 15 22 0 14 30 23 28 12 13 8 9 3 16 2 13 16 5 26 18 20 18 19 16 10 4 31 24 0 8 21 29 5 14 2 20 8 4 5 4 4 22 3 29 20 28 27 15 14 26 18 21 16 0 28 11 20 20 10 18 7 19 19 12 14 12 5 11 6 2 17 28 29 14 25 4 6 29 1 12 28 10 12 21 18 26 12 27 25 31 23 14 17 6 22 31 27 10 21 7 10 26 2 13 10 8 0 24 23 17 20 30 9 7 0 18 9 2 21 19 21 0 9 14 24 19 8 15 24 27 8 7 25 27 11 27 7 10 28 10 28 24 9 22 7 2 19 ;
6 6 31 23 16 29 14 14 29 27 19 29 7 19 16 20 10 25 19 28 22 31 26 6 1 1 0 29 7 27 29 30 14 9 23 22 29 16 27 12 4 15 2 3 30 4 31 6 14 7 8 31 8 5 23 0 31 19 26 4 30 8 26 25 21 30 27 19 19 8 3 29 20 26 15 27 10 12 23 9 1 21 25 17 1 6 7 9 14 6 16 12 24 6 17 0 14 13 10 21 11 19 5 19 11 11 14 16 13 29 18 12 14 3 17 25 16 0 11 7 11 24 2 11 17 25 21 10 31 15 9 16 31 15 24 9 3 7 27 10 11 3 23 6 3 28 27 11 14 10 26 12 25 0 31 25 10 28 25 26 0 19 8 15 11 22 24 23 17 26 10 30 14 21 9 26 18 24 11 18 15 21 4 7 9 21 11 17 25 12 12 4 23 17 11 23 4 19 13 18 19 26 14 20 12 31 4 14 4 8 18 21 31 8 30 23 27 17 18 15 28 21 8 13 7 6 31 24 25 10 27 ;
15 26 5 27 13 26 5 3 12 22 23 7 15 27 11 20 6 2 21 13 22 27 16 12 11 4 31 28 16 15 20 1 10 10 14 3 2 24 20 31 16 31 29 9 12 15 21 10 26 6 1 29 21 21 17 19 29 25 22 12 28 21 31 3 11 19 6 25 0 29 3 20 11 9 6 27 8 13 20 16 10 22 23 22 30 23 1 14 5 16 25 5 9 16 7 20 30 14 21 23 15 11 1 24 29 20 25 15 12 5 13 15 3 13 13 27 22 5 13 4 11 24 28 26 6 13 19 19 15 2 14 4 0 3 15 2 10 9 6 26 0 5 27 7 26 3 14 0 5 9 6 1 27 9 25 12 22 7 18 22 7 14 5 12 2 16 22 7 31 7 3 18 18 1 21 5 22 27 20 9 4 14 23 2 12 24 7 1 17 5 19 1 8 28 19 22 26 11 31 19 6 12 22 18 25 8 26 19 18 26 27 8 16 16 10 6 21 8 3 23 21 15 26 18 13 1 7 27 16 12 27 ;
