Galois Field : GF(31)
Number of variables (n) : 20
Number of polynomials (m) : 40
Seed : 4
Order : graded reverse lex order

*********************
26 20 28 9 20 24 17 8 17 0 26 30 14 23 31 13 0 4 1 25 16 2 8 30 30 20 26 13 9 29 20 30 17 30 4 25 4 22 0 11 3 6 22 27 9 11 29 20 3 12 2 24 19 24 10 9 12 3 10 9 19 31 7 18 1 26 26 17 24 11 20 7 29 3 29 23 10 13 18 20 8 11 20 0 17 3 4 11 2 11 15 6 11 25 24 1 25 4 25 30 5 2 28 9 14 26 15 1 7 2 3 21 26 22 16 7 16 16 28 31 19 5 30 19 30 13 16 2 16 28 18 10 2 29 28 19 27 14 11 15 18 25 13 17 17 24 22 25 17 4 16 18 26 19 8 4 21 14 0 14 17 4 29 8 24 19 27 30 0 19 5 6 19 2 10 30 31 12 9 3 2 19 5 14 16 28 20 11 28 10 0 13 0 16 2 11 2 23 2 21 9 11 19 23 5 9 3 23 3 20 4 9 14 25 26 9 14 31 3 8 29 8 13 8 21 21 5 9 29 9 26 ;
8 27 26 22 17 13 4 5 10 26 26 25 31 29 28 15 10 5 3 6 20 0 0 13 18 15 23 15 6 16 29 4 26 20 24 31 9 2 15 15 6 7 17 26 11 24 4 27 18 18 13 28 9 10 21 28 12 22 10 1 29 13 20 25 21 8 5 7 20 7 5 9 9 13 10 16 20 30 0 0 24 24 2 21 12 26 10 14 1 28 14 16 25 18 25 23 19 6 30 3 29 26 6 26 1 26 19 0 10 16 14 8 20 27 15 6 17 29 31 15 25 4 10 7 7 19 13 10 0 29 27 31 18 29 15 23 4 28 15 11 24 2 28 23 11 1 26 10 27 13 5 11 22 29 13 28 29 31 18 31 12 6 23 0 19 11 30 20 1 24 1 29 4 11 31 8 0 3 1 20 3 2 29 21 25 17 9 7 13 4 4 20 14 24 3 5 28 7 21 4 31 16 29 28 17 23 17 15 21 5 11 16 23 25 26 18 29 0 30 10 24 20 12 27 21 12 28 2 3 30 8 ;
30 22 21 4 11 13 15 31 8 14 15 23 10 5 29 7 7 22 5 24 14 14 16 18 28 13 22 22 4 17 12 11 22 2 28 18 18 26 24 8 8 17 6 11 20 31 23 10 25 19 23 28 3 20 31 28 24 14 24 14 21 15 3 0 5 20 14 8 13 13 23 13 21 21 23 26 1 13 28 18 6 0 30 8 6 24 2 22 15 23 19 4 4 29 4 13 30 4 23 22 23 24 19 0 21 2 8 24 13 10 4 5 28 21 2 27 17 11 8 8 26 29 24 6 22 11 5 16 1 29 30 28 0 15 16 17 5 20 6 22 21 16 15 29 2 10 14 12 10 17 5 23 14 1 3 30 16 4 19 9 11 31 19 12 12 18 17 9 15 4 12 16 13 18 17 7 1 31 23 15 25 18 26 9 2 3 10 15 12 15 7 7 19 17 29 17 15 8 1 11 27 8 17 6 31 12 7 22 18 4 4 26 10 23 12 8 2 17 2 24 9 7 10 29 1 2 10 24 4 25 28 ;
19 20 3 9 7 30 28 9 23 16 27 17 20 8 29 2 23 22 0 29 22 1 23 29 11 13 26 18 22 21 22 9 31 27 27 25 30 9 6 27 13 7 24 20 0 14 10 14 0 23 17 10 26 13 8 8 25 18 4 1 22 31 8 17 30 16 20 25 17 5 16 3 1 14 22 28 10 3 27 26 10 21 12 5 1 31 1 31 9 21 14 18 12 30 21 21 4 19 30 31 30 0 7 29 28 31 31 27 26 18 8 22 23 10 11 18 20 9 18 6 7 19 0 3 28 4 24 23 16 10 18 8 5 24 24 23 28 22 4 15 18 20 17 21 28 25 24 20 21 24 24 5 1 14 15 22 16 11 9 31 8 3 28 19 31 25 31 3 4 31 5 30 6 31 13 3 30 30 10 6 2 7 15 6 1 31 11 30 6 0 13 23 27 5 12 28 12 31 16 21 26 9 3 31 18 13 14 29 28 22 16 27 14 24 26 7 23 1 20 9 6 31 19 21 9 12 17 10 20 23 23 ;
6 30 10 3 20 0 0 29 19 0 20 6 16 3 9 18 9 14 24 20 20 19 24 11 18 30 15 14 25 31 25 25 6 18 1 2 7 15 27 28 1 30 19 3 1 25 18 20 27 5 7 10 0 26 1 13 13 2 4 7 11 29 17 5 10 1 5 19 0 21 22 21 24 24 10 13 29 3 18 5 11 24 24 14 5 19 13 11 15 11 12 12 0 7 28 18 23 20 17 18 17 1 31 31 2 31 22 20 23 23 5 7 26 11 13 30 8 5 3 7 13 8 29 16 4 17 28 4 17 18 25 21 30 3 26 4 21 16 14 20 16 22 16 10 30 23 0 25 5 22 24 16 24 23 19 3 2 6 23 14 15 4 22 19 8 28 18 22 6 3 7 27 3 20 17 24 28 19 4 14 27 29 12 11 5 4 10 8 10 4 4 11 27 22 31 23 31 5 6 18 9 25 22 26 20 14 7 7 7 31 3 6 26 18 18 22 12 3 17 17 12 17 11 28 1 1 22 29 30 30 23 ;
5 22 14 24 6 19 17 15 9 2 22 15 5 21 2 21 19 5 21 19 22 29 22 28 14 3 23 18 12 3 20 21 9 30 5 31 18 17 14 28 31 29 0 12 3 8 27 26 15 30 24 9 15 14 20 30 8 15 14 28 0 10 24 20 30 27 17 11 24 27 26 9 14 5 30 3 9 2 13 11 27 20 15 31 20 2 5 31 2 26 23 14 3 1 12 31 24 0 11 19 19 31 19 13 11 13 19 1 7 21 5 31 8 22 22 20 28 13 3 3 21 22 9 15 1 30 7 0 4 6 28 17 18 5 4 9 8 24 21 1 28 9 27 19 20 22 4 10 31 15 1 17 15 1 21 5 4 12 29 3 27 10 3 10 14 23 27 19 31 17 8 0 7 4 25 14 24 24 30 9 23 14 14 23 31 18 13 23 30 31 24 9 4 30 31 6 23 13 26 3 12 12 21 14 13 11 8 14 17 1 2 20 2 0 7 16 27 1 20 22 22 10 10 30 26 2 22 20 25 14 0 ;
27 28 26 4 0 3 5 29 11 18 29 9 10 25 9 0 15 16 12 6 14 30 17 22 0 2 18 23 3 3 26 19 11 25 28 16 27 9 20 11 22 21 10 15 26 25 30 3 23 17 16 27 19 22 13 31 14 8 21 24 20 13 4 3 18 14 22 6 14 6 3 25 1 5 2 5 11 14 5 0 28 7 23 8 23 25 13 22 6 1 28 11 31 8 26 6 7 26 11 0 21 8 13 7 16 18 25 12 15 20 9 29 0 29 1 13 0 25 18 17 6 25 25 12 12 18 29 7 13 28 4 0 19 16 13 18 12 4 1 22 6 24 30 25 13 18 20 18 2 5 26 5 31 4 27 0 21 11 3 20 27 12 13 7 5 6 5 7 0 6 4 10 16 10 12 9 25 11 10 20 14 28 30 24 8 6 4 13 10 3 30 30 30 19 7 10 6 28 25 0 19 22 4 5 15 2 24 24 30 12 12 15 11 16 30 29 21 0 14 25 28 11 21 30 11 7 10 29 18 31 25 ;
29 3 10 11 2 24 19 6 25 29 5 28 8 12 18 24 14 13 28 5 0 23 30 4 26 13 15 5 17 18 31 31 18 26 14 24 29 12 26 13 12 11 25 31 4 29 13 5 8 20 23 8 10 27 17 21 9 3 27 8 12 21 24 16 11 3 24 14 28 27 10 27 30 25 7 6 27 7 12 6 3 21 8 15 1 28 23 12 2 0 15 19 15 29 19 5 8 3 1 28 18 31 5 31 24 15 5 31 24 20 21 7 22 2 30 2 28 24 20 13 29 14 9 25 3 28 5 2 25 18 25 1 22 17 18 31 28 25 6 16 18 27 8 13 24 19 19 13 12 2 6 3 1 29 27 3 3 13 9 22 5 19 21 13 23 16 9 27 6 20 1 17 4 31 11 24 23 2 16 17 22 30 5 19 28 19 12 23 21 3 2 11 2 14 25 23 24 27 10 25 14 18 14 13 29 0 29 9 7 12 7 28 12 8 11 31 1 12 23 21 18 15 8 28 30 31 13 1 9 23 6 ;
18 12 29 19 29 21 20 30 10 20 1 21 7 19 31 2 5 11 30 16 17 22 15 29 30 29 20 14 4 19 8 2 16 27 3 1 9 29 9 14 12 26 31 31 27 26 2 28 2 16 9 11 31 9 9 4 26 17 8 15 15 24 9 3 15 8 7 2 21 25 31 21 26 24 27 27 12 0 31 8 15 0 30 17 3 16 26 21 18 25 1 13 19 18 4 1 20 24 19 2 8 8 13 16 1 1 26 16 21 31 30 27 30 23 12 12 1 19 20 0 6 11 18 2 11 0 18 30 12 29 1 23 0 2 9 24 11 18 17 18 17 11 24 1 28 12 14 9 7 23 1 27 17 2 26 7 12 1 22 26 21 24 5 14 20 10 26 18 18 15 9 24 0 25 20 24 14 2 24 24 18 25 29 28 24 7 30 29 30 4 23 20 25 2 14 12 0 2 8 3 17 23 2 11 17 23 10 29 13 11 24 28 14 21 6 31 14 22 17 14 30 29 29 10 4 23 4 2 31 8 17 ;
31 16 5 23 20 27 27 18 6 9 9 1 21 21 9 28 20 15 20 15 9 8 31 16 31 1 28 20 4 2 24 10 28 27 22 7 1 5 17 11 21 6 1 17 8 31 8 29 21 31 13 8 17 13 3 8 17 14 4 12 16 23 18 22 14 0 13 28 1 25 1 30 22 1 28 20 17 3 18 18 28 10 21 24 4 3 17 4 10 3 28 14 25 16 17 2 26 30 24 0 12 12 6 6 23 19 20 11 24 8 26 17 8 2 21 31 5 9 23 3 3 8 7 0 4 2 23 12 9 1 30 13 16 23 25 16 12 14 13 5 10 8 28 12 29 9 26 3 21 30 5 18 3 19 12 11 19 29 17 6 8 2 20 18 25 15 21 0 20 3 6 20 10 17 24 5 4 16 29 2 14 30 6 25 22 15 13 14 5 15 27 3 15 19 22 24 3 25 6 8 26 23 13 2 5 27 18 26 28 30 13 18 2 4 23 31 15 24 14 31 5 5 11 22 11 24 11 13 2 6 7 ;
28 14 3 8 20 27 23 14 27 12 22 8 25 28 8 2 8 4 19 10 6 25 8 4 8 12 4 11 7 28 11 30 12 24 15 27 28 5 20 10 19 9 26 11 28 15 22 24 6 2 29 2 3 23 12 24 15 1 19 25 4 24 4 4 26 12 13 0 16 19 15 26 20 14 13 17 2 5 6 24 7 1 10 31 23 1 1 14 11 27 24 13 17 26 24 9 25 16 17 18 14 21 31 24 10 6 23 7 18 14 2 0 18 1 13 4 3 24 25 28 1 22 21 20 0 17 2 20 12 7 20 25 9 30 4 31 29 20 3 0 11 25 10 23 22 27 24 2 28 23 10 13 1 4 8 23 15 26 12 13 26 11 6 19 17 9 11 27 26 25 16 12 19 1 27 16 7 22 28 15 21 15 9 10 24 21 14 24 29 5 1 3 12 12 22 28 7 15 19 13 31 22 12 7 7 20 18 24 25 21 21 28 26 19 14 25 15 30 8 0 14 29 31 3 10 0 19 30 26 28 3 ;
11 27 20 4 5 16 28 13 11 22 12 22 29 19 16 18 18 7 14 10 15 29 22 23 6 24 27 13 12 12 14 28 20 12 2 28 30 13 24 6 20 24 31 4 6 9 1 16 19 30 28 31 20 23 30 21 4 30 29 27 20 10 30 13 13 15 1 16 20 25 1 7 9 4 14 31 12 26 31 7 27 13 15 22 11 2 20 5 25 18 14 1 19 2 29 11 10 28 10 13 31 13 19 29 17 1 10 17 1 20 12 28 17 29 13 15 19 11 1 10 0 5 8 9 24 26 10 17 30 12 7 4 27 25 2 29 24 16 11 23 16 30 12 1 27 9 14 29 27 28 18 8 15 14 22 26 15 28 4 19 3 14 3 11 7 2 8 13 31 28 5 18 5 10 21 5 9 22 25 28 21 2 10 1 15 12 3 22 28 4 5 22 21 4 19 2 12 11 27 6 10 3 0 30 4 23 29 15 13 21 9 0 28 7 25 5 31 10 29 19 4 27 10 3 4 28 13 11 17 31 13 ;
20 7 6 20 16 6 14 17 31 7 1 19 18 0 9 12 11 15 18 0 10 14 5 30 12 24 21 6 13 3 25 25 14 12 28 27 7 31 7 22 10 21 3 2 11 0 7 19 8 5 27 20 28 20 3 22 21 31 25 1 18 21 1 0 30 4 27 11 30 17 17 18 31 29 15 16 23 16 8 12 4 0 30 13 31 1 30 16 28 27 1 14 16 1 26 10 7 19 30 27 4 31 3 14 26 6 24 2 27 17 23 27 10 17 3 2 0 30 15 31 17 0 12 26 4 2 16 26 31 0 24 15 18 21 12 10 16 6 29 14 5 22 14 4 31 20 11 21 19 24 25 12 5 3 11 26 16 1 14 29 10 23 5 9 30 28 28 16 5 26 3 21 12 9 13 16 10 16 19 26 15 31 11 13 19 7 2 20 5 10 28 1 24 22 16 27 8 7 18 9 23 0 7 6 6 6 11 28 12 17 24 16 22 24 21 8 27 26 0 12 5 20 14 8 7 8 0 15 15 16 17 ;
27 0 15 13 26 10 13 8 28 24 0 28 19 1 3 28 9 25 24 19 19 12 7 18 20 5 19 31 9 24 2 20 30 8 12 2 11 28 22 28 31 4 5 0 11 4 30 15 23 27 16 26 21 17 30 8 14 7 27 18 28 25 31 14 3 23 19 18 7 30 31 11 4 24 29 9 18 12 13 26 1 15 24 6 5 4 17 14 25 9 18 6 11 6 23 16 31 15 2 29 18 25 28 11 12 29 20 14 18 8 25 12 5 12 17 29 14 29 14 12 4 7 21 23 6 10 20 23 27 0 23 17 0 15 25 9 16 13 10 8 31 27 25 2 1 2 20 31 22 31 26 1 29 23 21 25 22 6 27 31 30 28 19 27 21 28 24 25 27 11 28 14 19 4 20 23 8 17 5 18 10 19 11 30 22 13 4 24 22 22 7 3 20 28 10 14 19 1 30 25 29 6 23 23 31 22 28 15 30 18 23 25 0 0 28 12 24 24 11 2 27 19 18 18 7 4 25 8 30 1 16 ;
20 9 6 18 24 31 31 30 18 21 31 8 22 10 8 3 22 23 8 22 0 31 15 31 28 7 20 19 0 30 3 24 8 6 22 19 29 5 5 11 24 19 19 15 6 24 12 25 4 15 31 11 28 5 28 10 20 22 31 21 18 16 24 5 16 13 16 8 19 20 18 18 16 18 12 31 10 11 15 8 24 24 22 23 23 25 28 26 28 21 16 12 3 1 27 25 16 8 9 20 18 13 20 1 10 13 21 28 28 1 8 18 13 8 19 3 28 20 4 12 23 3 8 30 24 23 2 30 20 2 27 30 7 20 1 0 6 22 12 19 10 10 15 21 27 24 24 9 31 24 21 0 26 31 30 5 7 0 26 27 1 20 29 11 19 5 15 26 3 5 14 5 24 11 16 13 22 21 31 26 0 31 3 27 2 4 31 17 29 13 7 10 16 3 9 27 1 18 14 28 12 31 6 13 16 14 12 17 15 18 20 2 20 13 26 5 17 6 9 20 4 28 4 8 6 6 0 2 0 22 26 ;
16 7 15 5 4 26 17 29 14 22 22 19 31 23 11 12 28 30 23 0 15 14 27 16 14 8 14 19 24 21 10 18 18 28 8 28 13 23 15 23 13 29 20 26 13 20 16 1 19 16 14 25 21 21 28 25 21 22 8 30 9 19 26 21 23 20 22 12 21 28 30 21 10 5 3 5 21 20 31 7 5 13 23 4 25 0 15 8 22 1 15 16 0 10 17 31 28 14 12 10 30 21 8 31 23 17 22 22 2 13 11 4 0 14 26 3 23 20 11 13 19 11 14 28 1 14 10 8 22 10 17 2 30 12 3 9 26 21 0 27 4 11 0 6 15 5 0 24 4 4 16 15 24 2 31 8 0 31 0 7 17 6 31 19 2 29 21 2 26 5 5 2 0 6 8 23 10 31 21 19 3 7 8 24 21 8 26 25 26 29 21 26 20 0 29 25 7 5 5 0 0 5 14 30 13 19 16 16 7 1 10 30 13 30 8 29 10 22 6 10 3 11 18 23 0 6 24 21 7 1 0 ;
24 14 15 19 25 9 25 9 11 11 25 5 17 26 9 14 2 23 16 30 22 17 30 4 5 9 6 26 3 11 0 0 27 11 29 31 25 7 4 22 14 8 28 5 15 21 26 10 29 26 22 31 28 2 16 3 18 19 27 16 11 9 25 13 18 27 2 16 21 17 5 31 0 12 2 13 24 15 16 2 1 2 21 15 20 12 12 7 9 12 25 1 9 11 6 16 2 1 5 28 29 20 24 15 12 6 8 31 18 10 26 28 28 19 12 13 24 31 29 8 12 10 8 31 13 8 5 10 5 16 27 15 7 0 31 20 10 7 10 22 10 12 16 25 21 29 9 0 4 27 5 7 27 25 7 10 8 25 27 8 1 14 21 13 7 12 18 13 5 8 15 9 30 4 21 7 25 6 29 8 22 12 22 14 27 23 18 23 9 22 17 6 18 2 2 21 2 19 31 1 21 8 16 27 16 12 3 12 12 11 24 14 31 26 4 24 26 18 5 23 14 12 15 7 28 3 5 3 3 10 12 ;
1 12 21 14 23 24 23 5 19 4 28 25 0 12 2 19 0 10 12 3 26 13 26 12 18 27 15 3 14 18 26 9 31 20 5 11 14 29 19 28 15 8 27 26 0 27 30 17 7 8 7 21 31 30 29 7 6 29 14 14 11 6 12 30 4 24 9 19 2 16 29 12 6 0 20 29 21 4 3 3 29 29 4 13 9 3 15 21 8 5 1 0 8 0 10 11 0 11 6 8 31 13 18 3 27 2 5 22 18 1 18 16 26 9 21 5 28 15 4 13 22 17 26 18 16 7 6 10 23 20 11 18 10 19 8 18 3 27 7 12 3 5 22 0 19 9 26 6 6 3 25 4 17 4 22 6 20 13 26 18 7 29 26 30 31 22 26 2 1 25 22 3 30 14 31 13 2 24 10 19 3 26 7 4 10 0 15 24 30 0 12 31 12 30 3 9 13 30 1 22 12 21 24 31 5 17 31 23 9 0 24 15 2 27 16 8 1 21 27 5 13 25 27 26 1 6 10 9 2 12 17 ;
7 26 8 3 28 21 12 7 22 14 25 23 21 6 9 17 15 6 26 9 4 5 7 17 10 27 1 2 19 5 1 12 26 18 8 19 26 24 31 6 30 4 4 7 15 13 13 15 26 16 20 11 31 24 10 21 9 7 1 11 18 25 2 3 7 31 31 7 15 13 5 10 19 30 22 2 6 16 1 14 28 14 23 4 15 2 18 12 12 15 21 29 30 28 4 27 14 18 6 20 6 2 21 8 29 2 6 25 24 14 2 7 20 13 25 23 2 15 26 21 20 13 16 15 4 8 13 16 19 22 29 17 7 31 22 22 11 19 26 21 25 20 10 13 21 13 16 9 13 29 7 15 16 8 26 1 14 19 6 27 15 18 14 15 1 8 18 6 30 19 2 3 20 26 7 30 24 28 28 24 18 4 12 24 11 0 15 1 5 20 23 31 24 0 28 1 15 12 7 26 1 3 6 24 15 21 11 7 23 14 3 12 24 1 5 26 2 31 1 3 10 27 8 14 4 4 25 14 19 5 10 ;
4 11 8 11 15 19 26 19 30 7 31 7 29 20 17 0 23 15 16 6 10 0 9 1 13 4 26 8 8 20 13 19 24 18 23 12 14 1 4 12 18 5 4 30 19 11 26 0 1 6 23 15 5 7 21 26 5 9 5 23 7 23 3 12 27 31 20 18 23 0 30 25 26 21 19 0 30 5 14 3 25 9 6 0 11 13 21 6 13 27 8 4 30 6 28 10 28 23 28 12 28 23 19 23 21 20 20 7 21 31 24 18 10 22 12 25 0 22 0 0 18 9 23 26 15 14 29 29 4 25 22 19 23 14 30 2 16 17 13 27 0 6 28 25 4 24 19 3 29 9 28 22 8 11 28 18 13 3 1 20 0 16 18 6 12 26 4 7 13 22 14 25 17 14 20 16 8 22 1 20 7 23 30 20 19 29 6 23 0 20 2 21 19 10 27 26 6 28 22 12 13 12 16 28 31 5 16 31 30 27 30 7 1 19 3 28 4 31 10 23 10 10 18 24 6 18 11 19 17 18 14 ;
1 11 27 28 3 16 22 27 20 14 10 25 29 0 3 15 14 1 9 3 10 27 16 16 27 16 11 16 21 1 13 1 2 8 23 9 23 21 8 14 30 24 1 15 19 29 19 14 13 12 28 25 20 8 4 15 15 0 26 9 18 10 1 30 25 10 0 12 5 31 4 14 30 25 7 4 31 27 0 31 27 10 5 8 7 11 26 21 13 21 28 24 13 8 2 17 31 31 25 31 31 25 12 3 12 16 10 24 17 23 8 19 14 18 1 25 18 13 24 6 8 25 19 29 22 25 0 27 3 6 7 15 21 8 3 0 5 4 11 23 31 5 11 7 28 28 1 21 2 27 29 27 7 3 14 30 22 5 7 18 26 20 1 16 21 10 5 26 28 9 28 16 20 7 22 13 15 7 29 30 12 25 21 8 20 20 24 27 7 30 17 6 0 18 12 12 7 9 20 22 15 0 3 5 2 28 3 26 27 1 25 19 12 5 17 12 13 31 25 17 13 30 2 30 4 4 6 19 28 27 12 ;
12 3 4 22 20 10 17 16 29 10 23 3 31 21 17 3 26 21 9 12 31 18 3 0 30 16 2 5 1 23 20 20 16 23 28 10 0 1 29 13 25 27 5 11 13 29 22 29 27 13 3 26 2 8 18 11 16 21 16 30 17 0 24 6 24 24 14 1 30 27 6 15 12 26 18 5 16 27 22 30 4 9 27 14 3 29 20 17 24 26 4 10 20 29 25 18 17 12 17 1 19 16 6 3 31 21 2 13 5 1 31 13 2 27 2 30 16 14 9 29 31 17 18 31 29 27 8 21 6 4 28 11 18 17 10 12 29 8 21 20 19 24 18 0 17 11 12 22 2 6 20 18 11 22 29 25 23 18 13 2 21 27 25 28 18 31 21 17 15 29 8 5 9 19 14 20 4 24 23 25 3 26 17 21 29 27 27 2 30 4 16 6 0 8 27 9 5 3 20 31 5 16 13 29 29 21 12 9 14 9 31 13 6 12 0 27 29 22 22 5 4 20 27 5 1 24 4 14 18 12 29 ;
19 14 23 9 4 13 8 8 9 4 13 23 14 9 20 2 26 29 7 13 15 25 27 22 7 27 20 31 22 28 28 0 26 24 10 15 15 17 17 4 26 21 17 4 9 3 3 7 22 11 27 29 0 16 17 2 27 26 24 10 5 18 6 13 15 17 30 31 10 18 26 15 8 7 30 31 26 20 13 29 7 22 18 2 2 11 31 3 3 9 26 28 11 14 0 19 2 25 4 30 18 3 26 29 11 3 5 28 26 15 7 10 7 20 18 31 8 5 12 16 8 19 3 0 28 11 20 30 29 28 26 25 2 7 4 5 11 0 22 29 6 14 5 2 28 26 4 9 14 19 8 22 22 8 8 30 19 15 12 29 17 24 0 23 30 3 29 17 25 22 4 30 13 20 4 10 9 1 19 10 3 25 18 14 25 7 18 29 9 14 7 18 13 22 25 27 16 7 15 20 1 17 3 7 11 27 10 24 18 16 13 6 5 26 2 13 29 4 28 15 30 9 31 21 8 9 4 15 25 11 6 ;
16 2 12 7 15 22 0 28 17 13 13 27 18 3 1 31 23 10 11 3 3 22 10 11 19 17 12 8 24 4 3 22 10 20 18 18 9 4 16 7 29 26 26 10 23 17 10 4 1 11 11 15 11 29 1 13 5 6 13 11 11 10 17 14 17 24 17 1 5 6 19 6 3 16 3 18 13 2 13 1 31 0 24 4 3 5 30 19 15 4 18 1 24 20 29 28 25 24 23 29 14 30 21 22 23 5 22 11 19 27 1 25 18 19 6 21 24 8 1 13 0 16 14 7 28 3 0 10 24 17 11 13 21 17 14 13 1 23 11 26 26 10 5 15 18 29 18 7 22 5 23 24 1 28 6 28 27 7 4 23 6 13 14 28 28 19 17 0 19 10 16 17 7 13 13 30 17 6 9 8 30 22 16 15 9 8 26 10 16 3 4 31 23 29 9 15 8 22 14 19 28 18 14 25 0 18 14 6 30 7 17 30 27 25 0 16 13 25 18 30 6 4 15 10 28 3 0 29 14 20 23 ;
26 6 22 11 21 15 13 0 5 27 30 30 19 26 9 21 7 18 9 31 4 21 24 2 4 5 11 23 31 9 18 0 7 30 26 25 6 31 19 6 11 24 28 25 13 16 26 4 8 26 14 3 13 30 21 6 3 27 30 26 3 8 11 16 0 12 11 1 21 14 11 10 2 31 14 25 24 10 24 1 15 16 12 8 24 25 25 3 13 18 15 6 9 23 23 19 27 31 20 15 20 8 18 9 8 0 17 18 27 6 18 19 12 14 15 17 1 12 6 27 2 29 27 20 7 8 12 25 31 12 22 11 18 24 14 11 25 19 25 11 10 10 0 31 12 21 25 1 22 29 31 3 3 6 2 11 30 18 20 25 26 16 1 0 9 7 27 15 25 26 20 25 22 26 18 8 8 31 6 9 15 3 18 18 1 30 27 12 1 21 31 31 21 28 17 6 10 11 17 0 8 23 15 24 8 26 16 26 29 5 3 4 3 26 22 15 26 25 16 12 28 13 3 9 24 16 29 28 18 23 17 ;
17 17 26 16 10 19 10 11 15 3 30 17 30 1 24 22 24 4 16 24 27 30 21 7 14 18 10 20 0 11 31 10 21 3 0 16 10 9 14 2 1 13 30 22 15 25 18 23 24 15 16 27 4 28 6 17 18 26 23 6 10 3 15 16 19 30 12 1 12 9 25 20 23 22 18 3 22 6 21 21 30 24 21 19 31 30 7 0 0 24 24 0 29 16 10 31 13 12 6 30 3 9 22 15 28 2 12 22 12 31 4 31 8 22 5 8 19 6 28 16 27 29 22 26 18 1 14 12 13 4 24 6 14 24 29 4 15 21 13 18 18 9 18 7 9 0 4 2 12 3 15 1 1 28 13 0 28 22 14 24 0 3 6 5 20 31 27 10 5 22 31 0 10 15 21 27 26 29 12 12 31 0 31 24 10 28 9 14 10 3 31 2 14 31 13 28 1 15 12 0 10 25 23 14 20 5 25 10 22 11 24 27 27 7 19 19 9 3 18 30 22 6 2 3 15 29 18 30 26 26 21 ;
6 12 21 2 3 13 0 28 14 30 2 26 15 2 29 27 31 22 7 10 17 9 10 22 2 14 29 22 12 26 6 29 1 7 20 8 9 9 6 21 2 8 28 21 19 25 29 7 30 6 28 31 2 10 4 15 5 1 11 17 2 0 24 10 17 23 15 8 10 3 19 13 23 26 1 1 13 10 22 13 1 29 4 8 1 1 14 18 7 13 11 24 17 30 7 31 11 26 29 6 16 26 16 15 28 15 21 17 4 16 13 26 31 12 4 10 31 1 8 26 29 12 9 3 23 4 18 2 14 16 26 29 7 9 12 30 7 21 14 25 19 30 24 19 31 31 30 0 28 14 20 7 2 13 26 6 26 31 30 16 21 29 0 17 20 11 0 19 5 24 1 11 22 8 6 2 23 17 21 4 0 17 17 23 5 1 16 13 31 15 29 14 2 2 10 28 9 22 18 6 11 12 31 31 14 10 12 30 29 25 1 10 31 14 24 9 27 24 30 1 5 16 15 10 30 21 6 16 18 23 6 ;
19 28 25 5 27 29 3 7 14 14 31 14 9 13 12 2 4 5 21 12 24 22 9 22 22 24 11 7 31 23 3 19 13 4 28 14 13 29 22 23 23 28 12 6 14 3 8 14 29 7 3 21 2 24 26 13 15 6 23 9 10 28 18 7 7 20 22 8 5 24 26 9 13 28 24 6 17 5 14 14 25 29 24 8 31 21 2 6 2 4 11 24 15 5 13 10 20 6 17 13 13 16 0 23 16 16 15 18 23 2 15 7 7 28 24 18 15 20 19 24 27 17 0 13 22 1 6 23 24 15 5 3 9 11 5 5 29 0 19 31 9 19 12 14 3 9 10 5 18 16 4 14 2 16 27 18 19 0 27 16 15 13 12 11 17 14 28 5 5 13 6 28 24 22 26 20 7 5 2 21 17 0 7 1 4 21 2 1 26 30 14 20 24 12 18 12 2 24 15 20 4 24 31 16 13 25 9 5 30 16 5 21 23 7 28 15 2 23 18 1 26 0 13 10 19 24 29 12 6 7 9 ;
30 22 15 1 11 16 2 11 0 27 13 8 1 4 22 6 8 31 18 19 16 18 19 27 20 31 22 29 1 26 13 17 15 14 30 5 22 25 1 12 13 10 19 19 28 31 9 13 20 12 22 4 14 7 7 29 3 15 20 30 30 25 18 18 13 9 8 4 9 26 31 26 13 17 21 27 29 10 21 27 18 0 6 28 0 21 24 21 7 12 5 9 6 12 13 26 10 9 13 12 11 30 22 7 20 18 14 25 1 8 29 7 0 15 1 16 6 14 4 13 6 19 31 21 11 29 30 26 30 17 6 27 28 26 8 9 22 25 9 13 26 27 20 20 10 6 12 23 22 11 2 15 22 30 2 4 21 13 7 20 22 6 23 14 27 16 22 3 30 20 3 28 0 30 18 0 20 13 28 20 22 14 16 22 23 29 25 29 30 18 1 22 23 27 27 5 13 23 30 27 27 15 31 6 22 18 27 16 17 12 28 13 10 5 31 12 23 10 19 14 6 28 28 1 20 7 0 12 25 25 18 ;
10 21 13 20 4 30 5 26 2 2 3 3 0 16 12 17 7 22 24 6 30 24 9 31 28 31 15 6 13 8 8 26 14 25 31 19 12 25 13 1 6 17 2 14 26 14 16 5 13 29 22 21 29 22 16 18 18 5 9 9 28 1 13 29 25 3 14 8 15 2 9 9 0 4 27 31 13 7 27 8 29 31 11 6 0 23 21 9 14 3 10 18 20 30 18 28 30 24 8 8 15 19 19 19 21 7 0 21 27 14 20 7 18 15 17 9 25 17 31 29 10 13 14 15 12 2 27 15 18 19 0 6 16 7 5 25 31 10 0 11 0 31 16 9 16 19 27 24 14 31 7 4 22 18 5 14 31 20 12 16 25 24 18 21 26 3 8 4 2 7 9 2 12 26 12 11 31 25 21 2 25 24 2 13 0 15 4 17 21 16 30 18 11 3 27 21 31 21 2 19 27 29 7 7 19 7 18 21 13 6 9 5 18 26 16 15 16 2 8 19 3 10 22 4 16 21 7 27 3 20 12 ;
9 24 20 16 19 24 22 5 0 29 10 17 14 6 28 18 20 4 27 10 9 24 13 8 23 10 1 30 11 11 20 15 31 26 16 19 10 15 21 2 11 2 20 21 18 25 20 19 9 11 11 31 14 17 5 9 12 17 8 15 8 5 24 13 6 11 5 30 25 28 19 20 1 10 28 7 27 31 4 11 17 18 31 20 27 5 25 2 7 16 31 18 26 6 7 4 4 3 6 20 27 31 27 20 15 2 7 24 11 12 27 11 28 2 20 18 3 29 17 31 8 0 30 0 0 30 14 24 11 17 10 10 31 5 6 31 6 29 23 29 21 25 29 21 9 5 31 27 11 24 12 29 1 14 30 1 13 13 23 0 7 25 29 10 11 6 29 1 21 11 29 21 9 11 22 20 20 25 0 18 8 3 29 29 6 18 12 11 23 3 6 25 9 31 0 3 8 18 21 7 21 6 17 7 22 28 25 0 24 13 25 27 23 27 12 5 30 23 16 25 7 12 27 14 15 4 26 18 23 12 17 ;
20 28 2 26 8 25 13 26 0 14 25 8 22 26 13 9 15 0 17 9 16 2 4 20 23 5 9 24 13 14 5 3 3 2 8 20 9 17 20 0 27 31 16 2 11 29 16 2 27 17 30 2 19 31 11 4 19 3 12 19 10 4 18 21 15 25 15 23 12 16 9 9 19 5 19 10 16 16 21 21 17 31 15 25 8 9 5 7 22 29 5 20 25 15 6 22 30 29 20 15 23 27 29 18 11 27 8 10 17 24 31 29 25 18 20 4 6 2 9 6 19 29 1 1 22 11 22 1 27 11 20 26 5 13 19 31 11 22 9 8 24 5 4 8 26 18 8 8 28 11 16 23 23 29 7 12 0 5 19 26 18 0 7 18 19 25 10 5 13 28 7 28 23 1 4 9 27 1 19 0 10 26 20 21 9 3 26 9 2 4 19 30 13 10 11 28 2 0 8 18 5 13 17 23 8 16 13 1 1 30 7 27 2 20 24 24 3 16 21 5 26 26 29 4 8 31 28 27 7 21 20 ;
8 8 31 21 15 22 14 17 29 18 2 6 0 22 13 25 19 0 9 20 9 3 2 26 8 11 23 1 17 13 24 13 2 0 13 29 25 12 29 19 17 27 27 0 19 26 20 6 26 30 30 21 6 21 14 1 20 3 23 23 12 1 19 21 15 28 26 16 9 10 13 20 29 31 3 15 27 16 18 14 1 3 17 6 13 5 22 12 28 24 0 9 1 16 1 26 4 6 8 15 22 17 30 22 18 13 18 8 2 10 27 15 10 16 1 9 20 29 21 2 14 4 11 26 15 1 4 17 12 12 4 18 20 20 29 5 15 20 18 13 27 14 30 2 30 3 6 24 2 14 24 28 29 16 27 20 14 29 6 13 25 20 30 22 22 25 9 19 21 12 21 13 10 0 19 11 4 7 5 7 8 11 27 5 2 12 16 6 1 11 25 10 6 11 13 25 5 25 1 4 13 27 28 21 17 2 8 19 4 20 13 23 25 12 7 3 17 18 9 30 15 6 2 17 18 10 23 6 31 19 16 ;
2 12 23 26 26 18 24 14 31 26 2 15 1 11 9 3 24 8 11 5 30 11 20 17 20 28 21 4 0 5 6 20 19 24 16 27 22 10 0 28 8 22 10 0 18 10 3 0 15 9 13 23 30 11 31 24 5 18 15 20 6 13 20 18 25 30 6 23 1 18 28 18 9 5 20 9 7 5 29 27 24 29 11 16 3 21 24 8 21 5 21 21 6 11 8 25 7 23 22 3 7 14 3 14 24 24 12 3 6 18 16 31 18 1 14 22 30 4 4 26 21 17 26 11 29 10 16 15 30 6 3 27 25 18 25 0 29 23 20 10 8 10 13 13 28 2 13 8 25 6 7 16 2 9 6 12 9 8 14 25 2 2 29 18 2 14 16 4 25 20 5 13 26 7 24 11 22 8 3 17 27 19 17 9 17 2 20 13 29 17 8 30 16 0 18 12 22 2 20 16 9 5 27 30 30 29 5 18 25 7 15 14 22 4 24 23 19 12 3 8 10 27 2 10 17 29 19 21 26 4 10 ;
23 9 31 28 22 4 26 25 21 22 14 25 0 29 2 6 12 1 23 30 13 27 10 18 30 2 21 30 8 22 24 24 31 30 20 20 2 18 2 29 3 9 27 31 17 12 31 3 5 30 19 28 6 26 29 16 29 7 5 7 20 27 26 22 13 18 26 21 29 26 5 14 8 30 2 12 19 7 9 22 20 12 14 11 5 15 17 13 16 7 31 28 0 22 28 16 26 21 22 8 3 15 24 17 9 18 12 13 27 11 8 22 11 7 24 7 5 22 28 28 3 5 25 8 21 25 28 10 29 1 15 16 1 21 10 6 9 31 29 25 17 9 28 11 25 12 17 7 7 4 15 12 29 3 13 18 1 5 4 6 19 29 9 30 21 7 0 18 26 21 1 27 29 31 8 13 14 25 20 24 18 17 6 24 29 7 19 30 12 29 10 10 11 4 28 13 10 28 6 30 18 24 17 2 2 1 22 22 0 25 4 27 0 26 17 9 24 29 20 24 2 22 8 1 6 2 9 21 7 1 2 ;
24 4 9 25 18 16 13 8 4 18 18 11 5 24 20 27 31 5 28 18 31 31 2 27 26 18 11 26 4 28 30 9 6 8 26 10 12 30 13 1 8 22 30 9 3 8 20 29 29 20 19 29 9 8 10 5 9 10 5 9 2 31 24 15 28 15 12 27 31 29 13 23 31 3 14 12 9 6 7 26 17 29 21 27 16 23 0 18 16 4 29 1 5 29 20 7 4 21 1 21 22 6 29 30 27 12 17 11 8 17 24 5 9 28 16 5 3 25 24 9 25 16 29 12 23 19 1 7 14 28 31 13 14 15 31 17 24 28 28 20 26 0 29 10 7 21 18 30 19 20 29 23 0 26 21 5 0 27 0 12 31 22 13 5 23 31 17 17 2 23 21 11 26 11 10 11 10 13 27 20 11 1 4 14 24 13 28 23 1 20 2 31 15 0 27 7 3 11 6 19 17 18 12 20 15 1 17 3 6 28 13 23 29 21 23 25 24 1 10 18 11 13 24 18 16 19 25 14 29 29 3 ;
30 13 5 20 10 22 16 6 18 0 0 10 16 2 24 31 10 8 12 20 23 30 17 19 22 16 0 14 19 16 8 26 2 4 30 28 15 29 26 26 2 2 20 8 25 29 31 1 27 7 13 15 31 26 7 10 6 24 28 15 19 24 15 21 6 2 15 8 5 19 26 5 22 20 30 21 22 27 28 20 28 2 8 22 0 3 6 12 23 27 13 21 15 23 26 22 7 19 29 18 31 4 9 12 25 24 15 6 28 11 10 0 23 13 10 23 19 16 5 1 27 13 28 19 15 24 11 7 18 20 14 10 21 16 3 10 2 20 19 16 11 5 8 27 28 2 2 15 28 30 25 17 1 29 7 8 22 5 4 6 26 20 16 8 10 27 20 30 28 0 29 7 21 14 30 18 26 3 8 31 9 27 25 27 11 5 6 26 22 8 26 21 0 5 19 27 13 31 7 2 21 13 18 3 13 24 8 13 26 28 22 3 3 25 24 3 30 18 30 25 12 1 10 23 26 11 19 6 23 21 0 ;
2 15 7 25 0 11 29 18 8 26 8 0 0 18 22 21 20 22 4 16 1 12 13 28 4 1 12 10 1 14 25 28 4 7 1 24 31 2 14 26 6 25 18 17 17 29 21 27 24 30 14 8 5 15 25 16 8 24 7 30 9 0 17 27 7 0 28 29 17 7 6 31 11 18 13 25 18 18 9 14 6 24 8 5 28 7 20 0 16 20 1 8 8 15 22 25 3 18 18 18 7 9 17 29 15 6 19 13 0 8 25 26 24 25 23 5 5 8 31 24 31 21 0 24 30 29 30 12 28 28 15 11 21 26 19 21 10 28 12 18 15 4 5 24 3 20 18 3 24 3 6 24 6 9 10 17 3 5 16 16 24 23 26 23 8 27 18 16 6 16 30 31 4 0 24 23 25 24 3 24 27 31 30 26 5 17 18 23 5 10 30 8 13 17 11 26 30 7 4 29 6 0 30 5 11 14 12 2 18 11 24 2 25 31 1 13 23 31 12 31 14 14 23 26 28 12 3 30 26 17 18 ;
2 13 16 28 8 0 11 28 27 9 2 0 15 17 25 17 7 11 18 19 20 9 9 29 20 2 1 7 3 19 29 28 2 14 24 17 21 18 8 20 5 12 7 9 2 22 30 8 21 9 31 12 22 25 19 22 22 9 17 0 12 13 4 17 21 4 25 7 11 1 13 16 10 20 0 30 1 14 28 6 4 20 13 3 19 15 11 9 28 20 11 6 3 20 1 11 10 15 31 10 10 2 1 6 13 11 20 30 30 21 24 23 24 8 24 10 26 9 5 23 25 0 29 27 8 28 31 31 16 23 23 17 25 17 13 13 3 22 7 14 23 31 12 8 26 17 19 13 0 26 25 11 3 22 28 11 16 12 16 29 18 23 25 25 12 31 28 26 5 3 24 13 31 5 13 17 11 24 18 12 14 7 7 17 6 28 26 19 26 18 29 8 18 11 27 25 1 28 0 19 23 30 28 7 20 17 8 0 18 27 31 22 15 15 24 3 15 3 24 26 9 22 19 6 31 24 18 11 18 31 6 ;
24 31 19 17 17 5 2 5 6 10 7 23 25 9 28 6 3 16 16 12 10 18 3 19 29 26 7 23 31 22 20 12 6 24 27 5 9 20 0 4 14 1 16 5 14 19 13 7 27 19 14 15 4 23 4 26 22 27 3 19 14 10 6 17 22 4 19 0 27 15 1 28 31 2 17 16 16 20 3 8 4 16 10 21 23 22 27 3 17 15 28 10 26 4 22 4 15 5 23 19 10 23 16 7 11 13 29 14 23 23 10 13 2 25 8 5 21 0 13 8 18 20 24 28 18 10 31 30 15 5 2 15 20 9 10 20 17 30 25 0 5 29 4 15 0 28 13 12 12 11 25 25 10 19 14 15 30 16 24 28 23 5 7 2 21 27 31 28 6 24 25 13 25 2 15 20 5 24 6 27 27 7 30 26 11 6 28 12 9 26 13 30 3 11 19 5 0 7 21 29 26 15 23 7 30 4 16 10 17 1 26 29 23 27 9 7 27 21 10 5 3 15 14 16 18 30 13 10 12 5 19 ;
